88396
36551
44394
83356
88785
94865
12269
13600
79766
16950
50722
81212
3646
59845
2325
49628
78308
262
24186
344
64207
41796
1576
5217
58462
41815
38179
17041
85803
31146
71451
50688
70345
59194
86491
39320
96025
57762
54426
58521
38756
23864
54101
41934
25139
50493
24359
31660
69985
78074
12677
39306
22271
86291
63419
98841
29862
38966
45240
73278
5723
27996
79874
14382
2084
90918
46332
93196
12431
77198
91552
76330
3424
90098
32329
42241
58667
13101
11547
75701
62878
91179
95365
10421
82472
4717
4883
99906
42070
88024
77612
60173
10284
71213
65561
34080
93042
48881
41916
39988
57294
91608
74221
99953
82399
40047
73492
14075
44469
57910
1407
1190
97897
29101
66838
49382
3970
62357
85887
52852
89416
88233
46794
49059
20055
19424
97009
30895
14048
4386
33082
89303
33415
47735
36519
84167
86963
10957
84463
57300
6062
72336
1550
36477
71047
49549
78616
2347
17919
55524
43277
22546
55089
66457
38783
56363
92929
27530
95213
4627
97036
36800
46063
42391
3804
56451
39761
86622
38853
24172
89073
24489
87514
94307
94459
91127
8992
22488
95224
57146
49629
87555
37787
79477
26269
79405
3885
11233
78553
22788
95315
77376
60744
44758
29696
14531
16108
7271
30923
9074
36884
51973
41165
10969
4285
79683
52811
2249
15075
24344
45013
27188
62163
85617
18546
25515
75246
42750
35212
85796
96498
60410
98184
841
39267
69235
83388
71058
24428
40961
97272
25166
15984
69173
45037
59208
30934
57417
31930
721
92563
11596
14628
42665
92314
82866
56491
32336
88015
91230
43384
43609
56746
6114
91063
37712
43771
32219
80039
83094
16739
31611
38728
8372
74072
91930
44817
9061
8941
65015
89019
86261
23872
9769
28292
92042
21363
98408
89241
6642
34845
21147
22230
33114
44016
78631
40642
28413
59076
10685
18979
31481
40727
32982
1445
2140
79192
29732
34701
32020
69653
88898
91440
11550
9409
75596
17157
78156
95124
30041
70417
75176
59951
23744
54933
24868
76084
84255
55940
44924
39408
42223
80531
70196
18047
83827
67744
34332
52634
65470
39729
5686
69740
17817
82579
77416
96977
45621
27306
74928
58801
40155
86050
43146
11335
62797
67396
81275
95042
26625
87438
41427
55452
92848
51367
23729
32286
24155
39972
81508
79624
26700
81248
37509
86656
71757
83351
57736
57345
76851
91578
79659
88146
93830
75713
82009
28147
44864
14190
24818
33541
23201
99424
89234
5413
89384
79428
64151
22531
38845
27453
37515
3378
62753
38644
45654
68159
54118
91960
51462
69340
14595
8669
34690
9127
44927
33096
40791
15899
57852
35310
20156
33578
88223
15469
21189
7372
55532
43523
45018
35084
69981
99107
15618
19943
71177
663
89742
55591
66251
84643
28391
6103
34175
28313
56650
49800
65304
59370
17018
33767
8633
40949
79133
47725
27967
8954
77588
46682
81652
89169
25695
66915
61612
18541
4641
12168
40433
14410
23807
69745
20924
58599
22332
43500
20128
2798
44709
34491
46270
5542
28022
39285
98222
25907
7664
39351
47736
4098
80100
91362
55554
51167
2361
37129
12228
48542
54078
99305
91484
50487
80806
92896
76390
37746
69096
93571
16291
70674
72126
71039
19827
31312
20288
67801
19318
77053
29798
17024
89406
75149
11544
39429
85731
42189
53357
17943
94322
24307
90153
56856
56013
33089
74871
48161
3484
56893
9272
1751
78079
2537
67347
15446
79431
12622
77006
15862
67655
28981
13961
30103
4085
97801
33658
53867
85523
52195
98783
73257
31836
16538
45181
33365
5098
76893
51888
13636
24212
12269
28232
98304
10118
1150
15546
45988
54947
72438
95579
33323
71156
57266
58681
47230
10479
42805
38155
90747
16118
86227
77621
24699
8772
25515
62875
54152
93550
48093
43253
91584
38528
4624
65960
92930
69915
64503
71905
39334
88932
28478
42968
13491
75276
33155
99191
4683
76607
90626
51171
14680
14087
5635
59851
87352
7578
89115
19608
97368
48382
37794
91734
28577
48266
91444
55132
24377
89770
6276
73115
36668
10720
79729
8699
54897
60554
93253
51149
88773
30780
66401
47435
4049
95423
41500
24820
69267
77579
94747
17676
78311
38716
80147
71259
99256
23781
16376
87058
47463
18762
64322
50402
16521
3928
99877
96134
29713
38643
56756
85998
42880
85896
42414
36685
34419
50819
45669
44813
29443
72444
64422
41833
13619
47595
89808
50530
11568
71425
90634
91946
83357
68859
17930
34749
4175
98035
31137
55855
43772
74603
77810
94273
97232
77304
81733
39746
54590
64781
40590
15791
90645
39600
95521
99953
575
65133
12167
70602
8043
20197
85073
60449
61833
58954
76453
30868
58823
81482
92239
74872
85986
61326
39293
83195
28312
87287
23948
6636
59396
37062
62496
87687
36339
14855
94552
49389
65743
39121
33089
506
55766
9540
28547
68476
48430
3172
96882
32463
89311
77376
6861
84345
81251
11351
66122
68440
74513
40198
12556
64440
76591
69248
87866
31106
36233
93731
34769
98085
6294
9298
84505
36298
40612
39725
65938
49702
73031
46547
38748
99092
7511
8039
52806
60200
40612
78002
11206
31364
82123
26873
81505
83149
87532
62601
49257
48035
41885
83951
22054
88014
10231
82177
70806
7394
35433
23266
60827
42211
92399
49906
70070
66222
72967
60464
511
26637
92823
64575
50274
89324
35414
64679
8059
89985
68191
41645
26096
80178
20736
87565
5539
82069
22645
68726
35715
22294
75746
76853
18207
37460
3444
41590
57838
25543
29169
37824
19999
7819
71244
95340
29962
57107
52478
55896
11846
47146
34494
96710
96721
33587
41957
16044
56081
5776
44858
25000
78920
83671
25099
34942
85172
1345
92748
33618
21931
68900
66873
6872
22719
42074
19953
57559
17990
76769
22798
22283
34227
60598
34834
51281
33301
49173
53274
8133
40927
63964
51091
49592
4570
45312
53605
70737
12509
87425
23741
45701
46243
98368
78533
14467
93979
69993
56592
60928
57364
74246
50931
3180
59883
34780
27966
40463
94427
60837
59473
89511
45935
91710
80851
60290
71739
93547
97091
4830
51845
43287
45315
64774
42432
13031
68630
51270
91776
39713
91304
29807
213
88163
912
14282
84202
31805
91251
71702
87677
94557
69849
13098
56077
41629
82349
53561
95350
19724
84853
99738
1365
31573
92555
90845
96444
29940
69111
9716
57969
35199
39779
38607
83345
63755
8216
72532
31912
73386
58615
4397
23137
70041
81631
37714
46342
4847
74986
61214
93685
24747
67072
56494
79838
18518
74476
64697
43847
24644
18735
62972
34801
59823
31138
69549
98377
5413
19184
72031
28309
18341
44999
85751
53132
89551
56856
11062
15596
13932
77511
32710
71689
54904
50046
2458
61238
19969
17597
84447
12060
46808
1694
90450
93485
95893
56546
99303
155
76064
8120
4347
76309
1715
11315
13756
97219
22657
34816
43662
61790
38524
1826
36783
17067
55579
13682
25631
49718
97521
72092
88134
19557
17606
60962
6292
27736
69064
48613
92222
49517
54814
88850
3976
31511
2253
39733
46676
35706
44736
360
32316
54864
58285
66934
66163
3982
80254
80577
64133
64031
17823
23198
45145
89646
51227
26595
30398
40886
88711
71921
23146
48457
57282
26132
45543
9928
26697
81493
15557
80966
83782
88834
80551
94377
17876
7835
40093
16359
14050
23908
54582
76940
95123
20182
76373
71477
53432
35012
33378
65479
86950
46239
62262
55626
24294
19038
60502
20532
7982
92597
89152
94838
13890
9988
42613
24652
67960
12911
90417
49926
73075
70459
56459
4531
14370
13724
59763
87857
66646
29698
45076
53841
49337
73108
18641
98599
99995
47330
92894
9394
33066
93485
37254
35492
45130
11424
28562
58682
32190
77537
38941
16973
14433
97261
53605
55076
35602
12043
64884
75148
29396
94411
33655
39394
48618
54097
75219
22063
25445
97892
1031
9099
37326
8604
24477
8599
13682
20154
41385
35673
85051
34502
46951
62164
89031
70641
53564
62375
55415
85349
20265
52817
51309
66203
20070
26035
49523
29590
3807
87838
43056
14544
69109
33950
67675
65404
8425
18175
24161
93365
56894
81709
48799
44232
81960
59652
46710
89226
97768
52728
36576
81951
53297
13424
48103
96589
2175
71354
32279
24035
37644
89051
43542
90370
41537
3491
65897
73981
56383
1510
64585
47584
14717
23615
73064
29080
92929
67454
6518
67631
61783
15003
7367
29418
77574
86494
52515
79921
67377
92209
52247
60908
50804
42815
13760
44212
99378
70389
92230
39717
74492
91329
39114
30668
45660
76451
93378
14267
75071
41897
59274
93452
80689
16169
85132
12717
73549
464
63762
28565
75201
62703
80454
77644
52377
63198
1201
88074
19005
10270
15249
20971
92079
7667
83352
56975
896
53113
99735
74840
41631
23095
28090
95424
31367
87397
98082
61948
36195
89052
56371
12385
6058
39851
77795
51232
35757
84815
18624
99300
18519
36847
67866
6952
67687
68784
91689
66290
1063
20648
6424
63457
54201
65355
8109
11898
5534
27939
15922
97296
48014
3185
14692
71597
91630
7321
2965
30569
70168
10325
49949
60100
36284
88256
5311
12225
9457
45059
94276
58528
16886
36777
49241
98173
47560
50795
70900
22470
57356
95405
15965
98538
9812
55366
55763
48242
260
17077
51017
60056
57482
2436
36787
90600
80924
7170
74787
90073
13971
64984
89642
93952
79744
98521
32616
42534
52362
35998
30656
87627
15093
59271
73161
88777
49350
60655
31253
11887
4098
41333
27774
6753
11144
43328
68418
73564
81161
14485
68217
36140
83865
71218
29240
22576
14142
27013
17040
31491
59459
49008
26110
7143
36508
26836
31991
14282
90965
50468
72523
42153
40977
10490
11389
53853
1583
71131
7172
8173
28835
21675
59783
57635
42232
74307
32131
15226
22658
37712
16912
37871
13552
26910
497
17781
7045
88627
99567
63526
8135
49787
62927
52021
86550
14294
84756
76974
28992
89877
46858
56793
41895
17078
69895
40781
99265
21582
69549
48511
28185
62346
27658
60770
92256
55955
79166
9568
36861
83036
26184
74525
7741
19800
56517
2085
89310
30880
21256
11616
16486
23478
38498
69529
57805
9962
18094
85444
50284
35809
54134
98667
21025
7438
1894
52187
45977
45792
21326
86887
92011
59854
75061
18562
9655
65886
23810
69559
29869
42047
8738
33781
99346
65385
94053
52685
74391
4530
30718
18504
11688
38546
60455
97247
4504
54868
3925
98960
72298
71676
75620
10020
9120
62872
86960
44510
19218
1205
58912
24468
64055
85575
6501
36688
69572
35311
3706
69183
59008
61856
39317
64428
17370
53446
78379
18710
10786
81396
81440
50178
66637
37621
56836
77150
15067
94578
10512
64685
96597
62113
26189
89468
75888
23487
84890
55077
10454
61782
41094
93112
14606
53060
55977
46528
29767
12952
47118
19715
14078
38817
52519
58745
91643
29190
72192
3883
43222
48768
76516
4799
16338
76200
69629
85297
21022
13677
15263
41214
89005
55328
15083
47227
99859
27203
51566
40206
89478
10408
66183
90375
91321
62844
13146
28303
23602
41499
65024
17204
93901
57473
48999
66008
8110
98647
38956
21804
43770
26564
52612
17608
45039
45457
39164
21196
73456
93979
27125
90434
17191
87868
9969
20696
72976
92605
2065
65110
40329
79996
19571
90653
79478
2344
95739
26784
92410
66987
17199
30847
76503
13815
11306
60402
95446
22202
78839
97005
36541
75345
15311
84934
60304
36489
35215
74818
89354
42484
29405
96512
81950
97669
30098
77398
61389
4519
81388
73278
96524
96536
39308
97490
62785
44056
1868
583
96559
89152
94581
47486
51217
73133
83197
46799
11362
57894
17967
86499
62933
77605
51372
4877
69054
16580
4885
6371
62072
76668
3898
21155
74337
93720
39089
70394
87593
83400
64194
23270
53094
96097
80215
65198
80916
85378
10613
65824
65012
42684
13496
42821
95934
12880
15219
28349
9628
15417
17381
29722
75224
32817
3222
37394
60346
73549
30974
53496
73340
35543
105
36566
51929
95191
41358
42711
91192
98267
29823
41603
24761
86639
572
82478
27117
33035
33761
64210
73607
48217
45848
75510
36213
43779
37180
12256
65717
16592
60538
94260
12140
3731
65085
34660
15569
43861
2056
34984
96309
14
26307
69213
1598
76312
66405
83472
79371
10418
31695
20368
4372
75674
24319
31484
41201
67380
28126
46084
65811
44977
82163
12764
42910
83186
12723
76906
74844
27813
18244
14978
67570
60958
35903
34052
72414
17000
84112
49107
86966
91877
8254
22034
63092
23254
58434
22901
62603
89564
6498
77839
22441
72753
48017
57397
61833
89883
41605
58764
45963
4217
32696
60064
99563
20673
65605
61640
68941
1389
2945
77764
88335
70275
51386
59952
35171
88527
68488
65939
26236
53782
94926
18559
28447
10846
84400
99976
6641
40662
37633
68965
44171
21012
19798
43024
31287
46500
33899
48132
73536
15250
41649
61713
62397
71264
41251
79341
50711
78328
90244
36145
78724
19144
53647
3622
87272
42657
63170
64172
87381
3779
51029
6781
13875
34734
90897
24154
72413
51341
8270
76922
91079
55465
4889
99948
31609
55317
28551
21933
97950
96107
97487
75563
50782
56315
74665
48785
10953
24815
63484
27747
95858
18023
31528
11860
29788
98166
64840
84481
29873
54317
98492
76605
54317
90800
4406
24116
6040
24631
25123
7819
72400
36376
92660
34672
37558
30570
43714
5353
12457
95397
43998
66055
11009
56593
46172
65095
68540
25300
80589
36646
58564
91496
24649
27901
9454
94901
73321
4800
9282
28555
69174
77687
6763
76490
25353
57027
32078
27478
98447
93809
35153
25293
72477
47886
57877
54844
43336
6064
94512
62533
68214
43013
20109
67621
84711
22533
92891
96011
38546
63037
45611
83277
69621
31658
47353
36745
44904
70998
5193
27325
49075
31316
92463
71577
12285
15627
64828
50070
1204
15036
64965
11613
67885
3455
75066
93576
98379
20924
48370
36888
80459
8146
17405
96581
74201
25310
69876
46946
7274
32281
59370
2802
78916
38444
58630
90555
65097
55531
76985
29461
21964
97974
44551
39543
11307
49244
52195
80531
70413
12284
66348
84527
98517
49617
9625
23869
17941
23552
20068
58979
45467
70936
74470
41302
86771
93474
49740
54552
99034
50585
13260
44840
12629
63625
14051
25791
6655
84234
40967
95583
46591
2419
43226
23850
10220
52441
43001
93509
79799
31475
89173
42264
93129
1647
32209
76579
94292
33623
33952
91885
45749
98467
70608
46196
2537
65920
73276
83346
47412
71114
81493
5096
85435
69776
8429
8311
39899
71884
46634
72755
85734
61240
86925
29918
89127
38558
17146
69113
87657
94983
72372
265
49840
24836
5139
68265
2463
55439
14804
83826
7563
84069
62782
32719
65290
11031
64510
82023
56645
77023
41730
94666
75322
74089
26263
91006
31147
72763
61
21210
91984
55548
62247
41427
59541
90810
52596
9640
46298
57402
19980
44242
93555
2502
41008
26819
13547
31015
45449
79635
72782
38349
86743
51317
47849
14319
25597
96046
55201
27188
80081
47442
14629
96932
40590
31289
84199
88834
97214
99629
67256
96224
47293
16506
72171
11414
12987
18165
26563
87511
12939
36424
19635
80226
24800
59293
53300
57576
77035
46831
20618
25918
80338
71884
21060
23936
77908
31543
99420
16850
11822
35019
57333
14246
963
78394
48062
98359
62934
30226
98301
81486
40960
71314
96932
15479
8479
63124
72358
69629
73620
59192
51302
43338
86129
61270
83471
23990
74098
28484
12446
51696
16840
17966
355
66294
43383
52744
13104
26076
6434
5528
51491
34223
78971
1803
59522
28282
19355
30839
41618
13487
35617
25620
64695
57949
9280
70559
3021
67486
10738
70403
64715
36863
31879
95123
97311
46038
49106
12484
56221
24297
59383
80721
35314
24389
52245
17968
32517
57062
14308
38255
54742
58702
37256
82745
14955
380
93231
47084
36158
31913
42816
81198
9576
89727
18163
27658
66463
94305
49769
48981
12905
96763
71680
4365
12600
76859
92056
97219
95912
73020
9800
31359
20244
3685
87454
43481
1004
97948
60566
30964
15365
14591
36922
80655
57061
38383
28998
3381
95088
36679
77750
61068
38249
47008
91339
78792
26243
45392
83083
51674
17166
79201
55199
70030
61055
10213
26452
96807
37907
16300
96763
13518
46624
35945
22921
38081
19122
41929
22457
76383
91108
71367
25526
12236
23951
60606
99937
13016
74014
98027
33718
23992
61006
12804
34553
96619
59679
66298
32309
46138
10759
73805
2318
84497
28569
11532
12270
12842
49543
24629
90618
85899
91897
12391
6341
82019
95870
75096
5934
42870
42146
45672
2051
75848
10847
59023
39687
83702
25077
97080
41742
54364
10605
45309
8673
543
19764
61884
71237
43369
3902
74210
40718
48849
31788
40482
24260
72303
13783
29235
26493
46258
35102
68871
25543
29467
98274
50650
79930
93061
28280
68125
56300
94768
30393
18008
69726
9196
99480
88119
11052
23895
68815
24993
85429
90553
8368
77034
77566
77535
90306
98199
99672
58086
4199
14731
66819
22998
8826
90350
43659
64904
93542
29136
45249
13522
1875
45705
166
92877
99413
50015
57435
90014
20476
73324
95773
15414
56407
54913
78603
51734
65201
77972
43819
8993
36889
37983
76267
37619
6094
18194
3898
73812
44199
47766
95844
57786
51116
15465
31872
13492
99953
1959
43367
21652
17242
89382
63914
15511
97991
21585
66909
64212
59390
20879
25326
50873
57786
301
40810
95221
15895
15641
10895
43474
73541
76993
66393
14762
91308
88244
64532
96316
23362
93835
28369
23490
48979
97344
67876
56181
26515
5882
7225
15755
14398
99694
10978
32248
22143
5588
62587
66302
60828
52991
93299
44519
60032
96643
44555
16277
89045
16176
85664
47144
42178
89740
57158
67007
80201
1299
11395
4372
30983
14921
58743
35231
85129
81813
32045
91563
83134
20798
43046
65428
67893
31243
29094
86230
50371
93983
21520
20709
64216
45872
48283
14493
68063
73363
87578
24939
97903
74408
17152
16669
71345
44947
2079
48771
27291
8459
69674
70016
43845
68012
23788
55672
94430
20222
80160
54412
13685
48943
48399
24010
74124
9719
83601
13717
40256
83790
63094
29660
60541
22060
71921
88773
39803
85198
86266
30623
49419
88259
54576
6196
30653
74925
51109
61150
25040
78772
27637
2871
77367
26383
15161
40257
21027
33905
65008
62691
84138
3673
20717
25636
12731
11923
83631
1040
15311
68096
75512
90867
81649
71382
7155
54026
27019
65820
58052
2685
84730
22570
86086
96336
64575
47718
12223
86017
43482
96470
91818
91262
61777
15624
75499
96329
22588
99015
40865
62101
20483
52561
83587
7045
50777
39865
95385
4981
90142
433
98891
80299
67324
26866
14494
65292
23965
76674
59332
34334
42153
50253
69605
91902
64005
62980
58442
75663
27672
23251
34944
76205
53076
10522
40165
76839
72698
36712
49729
37186
51618
73728
93581
20215
4245
11426
15020
78180
11462
98489
81051
53582
71299
61104
80321
15723
38240
82250
19596
1705
18384
4310
94345
90394
8792
63895
92250
93836
26192
27545
29452
64295
47404
31474
44493
98487
32543
74984
6845
43999
67609
3958
29162
82819
16526
62285
13531
37180
54901
16771
91533
96082
1230
21250
97760
31101
52211
21174
74267
34004
22526
89576
97226
83853
76574
62987
81498
25299
52767
72004
91137
26646
46747
99729
57975
87200
88415
78326
25777
56176
9003
53775
93473
43933
48302
1070
47888
73253
1062
30319
37802
90245
54877
70757
10969
46032
86150
47181
92349
19206
20925
46977
54557
62343
4865
14168
14279
2605
82101
10528
59686
99202
48818
1434
60660
47020
24877
30768
65618
70866
90120
41830
40652
28741
17463
23698
38943
26500
4999
48598
36447
48232
58165
39447
96448
62548
85393
3991
35854
29184
36132
68512
82757
6916
1114
27299
46376
31316
74493
79836
38958
19148
77564
21615
24844
95740
92325
17487
87982
22704
43606
89482
36927
8741
8953
20287
38630
47017
89556
11079
58640
79841
89609
90155
37405
19706
28602
73417
19896
31661
56777
74624
12312
21315
68546
89251
18522
27950
90222
67198
28594
36425
98395
53297
4688
52300
90058
39374
15274
4527
74058
3744
50239
32314
97145
75611
24305
93720
21101
46410
3665
28360
11834
20027
8327
32419
60761
54014
96437
12868
10715
14853
84704
42597
26140
11460
93444
79705
17731
85846
38553
32873
16861
39052
4721
12294
63105
99602
61575
86903
14553
52789
48731
90226
89127
38646
15070
61504
43853
43522
41333
36079
94123
61800
35578
75761
81934
43628
32076
81646
81649
74021
98116
40669
24726
3781
43714
36477
5049
57226
9534
73378
19675
40715
28579
80759
24108
8866
4206
51374
75973
35601
29180
79855
36639
47995
42274
58558
12790
46138
1787
41468
10125
55775
18321
31576
77212
73944
6637
62892
16363
48596
17692
82472
7271
94517
56830
88417
47595
65981
70620
51506
54491
85217
28268
14586
26082
33270
62809
22694
49053
90235
99058
98993
60286
20774
48902
66349
31443
40190
6288
88363
71241
14913
8884
58082
84808
69893
69299
56447
20457
53642
1448
77738
98531
39068
29106
2167
85184
28068
2285
99496
30788
58735
13252
47942
6589
49250
83301
33643
43151
4692
65051
86345
82177
5970
54799
74166
48978
85665
9526
25413
60518
63604
68684
18297
42120
58085
21870
96827
52947
98871
25152
25058
79481
55543
18412
74706
25260
40609
87074
38660
92752
67715
72599
96716
43351
35981
34209
5894
33072
5684
32951
29485
32496
67520
97210
80232
59946
56576
3077
94700
24170
20275
17944
51701
54046
92455
28876
25745
9097
37767
40231
28495
32911
10119
78072
74912
44540
82123
48735
7704
72142
22195
74894
30769
13845
9565
68500
37837
61534
86292
96907
51659
17170
73968
67310
2307
57331
73467
3718
68232
40640
84785
41745
64840
32047
46828
90368
99373
39416
79686
71746
273
1841
69642
77417
48584
64441
79272
1710
21753
55870
41453
33277
64152
37245
88725
82085
62627
86361
98395
96399
6403
5690
72029
8639
53596
47262
76758
96883
52655
53768
94613
17830
21292
79605
39992
18917
52384
2812
91499
29442
47658
71684
3808
90276
9535
88097
16188
79295
49410
59617
99988
5389
25832
46375
15729
13041
79253
87472
37607
24244
60793
7733
48268
91845
92470
75316
37996
40251
49459
4918
8265
82073
87155
57409
9392
56338
7754
58880
50206
69201
62120
3220
19824
22756
75775
2634
56981
42026
99593
76751
90428
54325
83147
72824
52741
75298
16101
66646
26493
24781
86565
12383
96827
43313
52060
89162
46367
72315
15010
37634
67709
44599
1705
91388
3063
30510
21343
98990
80043
4488
63233
81905
67264
44718
72255
13239
90883
96414
5915
21772
46986
83243
42216
33333
26878
57587
78822
44544
20430
80577
51935
56103
58623
81180
84089
56998
34167
39464
50061
76591
4519
78139
90097
86887
44688
21463
88467
34190
33207
64714
42996
52926
36929
34070
98065
801
80055
68241
61680
64993
98916
32419
65799
4938
69227
8956
14461
65754
54245
80322
63740
27576
98754
66072
61582
31589
29267
52841
20927
44618
37999
97403
83648
28822
4414
78959
50921
63795
54288
97344
54832
75569
41602
15066
28351
97201
99761
79035
50328
54540
29328
47275
32434
88305
3108
64933
66148
79896
41433
67875
38144
88981
15991
81406
23750
28296
42858
61242
62830
70664
79168
4850
10286
48955
76921
10278
25762
29548
52172
75293
13117
10169
40370
77189
64597
90186
64150
55885
99613
88163
50935
17267
61913
26381
18987
86207
83850
35440
84050
95805
53094
38693
85931
46917
28608
6893
50207
2302
24131
34529
66970
50884
74856
61485
69623
71316
16317
49855
70839
87111
51587
20102
95536
72606
18378
37668
61043
44204
17994
25907
82018
4178
59785
29419
28681
56889
70819
73449
42596
57309
1245
14399
66271
97648
8379
44886
6830
25714
70129
49193
8855
41741
6375
68509
42186
66859
78496
12106
53024
91723
27978
47117
24190
40473
37306
45773
68368
46645
4184
9784
43842
63987
15442
36580
88442
64366
78526
41861
90592
24056
91092
18641
86452
84578
45613
87367
3263
1727
3620
50744
34499
96139
88834
50751
20122
21909
69136
53623
79861
78393
31526
35688
99404
29369
47932
56994
44120
27687
28779
43954
20020
25722
16261
49649
46436
56391
68884
80350
13635
82949
27434
51666
1243
38860
35169
78829
77110
55911
37171
18297
68895
91990
81484
36662
4041
53482
92138
46622
72090
53087
54920
74988
89242
35631
96183
70366
21378
65525
13547
46195
11036
57135
39777
29394
26991
5762
18669
13137
50033
62596
95310
83964
83142
50366
82634
41033
66475
662
17877
69795
56217
74817
82781
38175
73081
68783
15380
52656
70717
9798
70468
66385
18491
46392
25144
22394
11823
19928
55002
42604
35008
66545
1757
48588
23416
66372
8512
17855
63489
37801
68363
75655
85824
93591
87458
94913
92850
54357
69954
52078
66738
89511
56470
82383
2329
37146
39243
38509
60830
60577
89619
66617
19557
80414
81436
11223
63571
1529
2136
76467
85952
57986
99962
48866
80732
65123
72653
97980
32584
95597
38229
59373
2284
95767
93934
14939
27412
94085
217
74732
30530
44311
98276
26858
79720
86641
14772
66757
9448
72819
23257
26103
4271
39903
75448
11794
6393
16341
26636
42014
17235
25584
83498
29459
52262
55965
19445
97804
3491
3950
35176
89158
38879
90887
68890
8921
42065
95123
24315
3904
84481
71199
24630
85941
15478
35589
63838
73719
63331
54399
70211
19043
77247
17899
18297
20981
80629
79663
65332
64746
92375
97343
31036
21567
27637
62234
67436
54328
91138
32626
10441
74366
35077
62182
2961
80340
84203
28271
53810
63103
47584
99947
83161
28106
65034
51609
38024
15743
51585
46771
21267
66718
58716
9899
87548
12633
35076
87324
42590
3647
68644
40523
35468
20823
84671
67124
72690
42046
37190
23989
27347
4177
2679
36827
27568
40006
57330
2984
30797
11
64486
31016
8136
57974
16047
65630
72896
43412
84808
63806
11237
85675
75052
47586
5746
49542
92568
66615
24964
78230
76578
94809
10787
86734
85424
29676
4398
8588
50002
71715
42471
97888
42280
94823
6220
55345
59048
2440
18311
4884
50740
38128
12091
35494
17897
56505
31366
56217
34174
93995
94040
49374
53823
37866
56685
10684
27712
84899
39112
54848
72249
97935
65533
59412
629
71141
56150
96175
62257
89124
90228
75144
11131
35847
10862
40868
22513
25541
78697
7456
36549
1928
52380
54594
10295
59657
23836
34187
74378
69762
59844
13346
9602
7870
39787
33562
59716
34571
45709
49181
81745
48905
97241
42659
17963
76329
43285
12827
16549
11995
26420
7111
50965
69444
40563
17357
16915
52232
64131
50059
12157
11110
9080
88274
27881
46296
45618
67776
97275
85886
39772
89999
83758
65809
48243
78903
25058
78786
56245
84687
84925
36263
16092
58653
52064
43380
71510
18197
8637
5435
709
28662
90200
52707
23450
12875
12555
63821
45320
47314
33856
6231
21824
58327
58246
25814
63089
69361
5993
48932
79981
45405
6011
59580
86142
28115
57316
73927
26331
76379
81831
6127
53295
4583
22038
59557
55958
44376
81161
93767
14860
90465
41416
84623
77971
98415
64020
33343
45119
32989
34469
34983
39387
89311
22311
67697
55753
49602
19623
43365
24367
28427
1692
31375
68946
49195
5705
76923
88628
79024
65041
25592
88735
20763
19985
62168
89994
56952
55856
57001
95189
83910
4741
20828
91777
52175
68035
3487
57517
57049
24794
86881
52872
8039
81391
13634
36846
54284
49699
22298
61571
9646
97606
95661
77127
55200
8708
23757
72959
83767
42612
5542
75061
72925
38521
15115
82074
39075
93337
3728
1721
16748
81323
21325
430
82529
41438
31201
33838
37373
33661
24391
34098
18645
30049
36519
30789
48521
52500
41245
67674
77647
47568
59120
30624
39631
93914
89155
33600
23278
33016
56100
68987
43209
16051
47094
7550
82687
14567
72376
46430
80762
80811
60757
879
4590
42215
39993
12754
93518
42379
56130
95034
94045
78819
25982
84514
28195
49007
42664
68771
58898
9120
88826
98933
74676
31689
53991
72921
51323
84066
93850
24640
28476
75322
60103
32921
92052
23062
68346
5598
88263
434
89834
14929
89739
20480
42290
50817
77362
48324
2655
70297
87823
33985
15594
40473
53425
92224
91044
47346
51538
97351
49916
87563
97564
97956
42732
32337
88596
35650
40584
3072
50182
83695
62280
24361
63194
3809
13565
53176
54206
27413
92824
55627
40417
30983
20634
2263
67420
31825
32550
56312
47322
6627
23175
7370
52861
37854
64934
92849
91104
35300
80556
94661
10796
16061
12862
89060
25163
43162
17097
75067
17575
82835
10552
42310
2244
85322
97159
84895
12584
82929
12114
3133
68340
56319
32557
16613
81608
68263
96011
6229
9910
26437
51956
94379
72560
64046
51518
21940
92295
30390
99883
66927
85532
61876
52130
86942
86287
33870
83743
12573
4277
76114
52198
51622
55141
2494
32553
44413
94710
35568
45676
27722
12813
14064
69346
40699
24285
70736
32460
5704
77712
22549
68754
96239
22228
32204
66385
87839
71173
37979
30295
54487
51929
95519
45536
66574
17514
61004
86578
83603
73074
68811
75856
60158
7117
36546
65968
87868
11503
1283
14173
52791
56432
79278
78336
65511
26711
77737
16379
39810
36318
65964
82380
46029
57444
26386
63940
75206
21904
43436
22483
26259
86164
72734
79238
48114
59268
29762
10773
2606
8993
31064
84780
27650
61468
27031
95065
52650
28800
93764
76556
61198
63725
27390
71165
51801
77366
24068
18888
7386
69045
77530
48477
35838
81283
64201
23646
56612
41009
68337
64355
51275
41076
72800
25090
17258
24867
62625
51900
75503
50117
66620
9318
52732
97912
67861
65919
95684
44842
47439
24943
52510
11794
51311
87602
99351
77214
78922
50207
63477
80868
98556
81058
71217
96610
58793
90373
11872
66357
51489
95579
53216
1194
11190
26689
89327
22368
48489
80416
62531
97276
27793
49264
28580
62553
5668
21428
76309
68666
87963
11760
9319
98587
98585
55090
23511
72079
23645
5296
69303
76538
90749
22102
73219
73075
87649
91303
29657
28320
27172
51925
22758
43454
32574
33833
77257
33909
35335
64951
1474
47537
52996
56050
99088
293
26535
47702
28723
77885
55240
53193
58887
51110
18665
90153
16492
9827
65099
27563
71001
89236
30273
51099
7149
91490
35763
33605
6699
88312
93222
24118
1714
92810
67852
38523
69668
21297
35955
4398
9075
45985
80150
8099
3818
69769
83346
82138
83168
99877
31507
46333
76490
10662
89966
73276
84699
67294
60563
67434
49310
67315
37572
13905
43239
76076
14219
11803
95108
34059
49486
18
99444
96874
15835
60519
10081
91953
48921
90989
97147
79062
12885
55518
61242
53014
83840
1230
91800
28257
79140
89228
58881
73275
33373
64003
29452
88656
36220
618
60118
67504
7165
61986
83246
62324
5392
89762
7929
47390
20301
46503
86365
15166
26699
19473
5540
12681
67439
88834
36822
90147
65572
73386
54409
46511
69525
47913
72513
55518
85670
90295
49768
81795
8166
91409
50642
70119
99734
3300
76654
10621
51147
70406
43776
10681
34790
37164
80527
62471
36904
74927
58653
10885
12971
7249
30439
1542
88005
29370
75149
95225
65710
16900
48922
66793
75332
29263
89795
70879
47467
40441
52776
46641
53439
98713
98572
98428
84049
55465
75976
51769
66978
76753
87858
78054
24219
48338
64032
21981
34686
91337
42804
92444
99938
21970
8753
70439
6449
63358
34638
25457
90401
4372
21757
21314
84119
6139
74534
99096
85859
20430
99579
2647
29320
70061
11198
81342
15878
44105
68928
65567
93043
55981
13194
25546
96732
40973
47031
94237
47038
71407
43266
10779
36900
94309
90521
24869
3875
5020
77755
34495
64198
3880
29499
83763
21262
59401
17988
31666
89864
7206
75572
8969
78650
1529
61611
6778
84726
94659
19547
94830
71222
83505
81760
81726
33019
73766
81689
21908
97788
24475
42971
80229
6953
71197
55740
23437
34956
84309
88615
24686
23325
86735
29131
35421
53291
95226
38206
44647
72062
21742
50478
79447
48733
66780
53041
62984
70298
20630
26247
99173
89317
89150
19185
15443
32772
14173
68316
72839
79919
83364
15396
29211
86446
56108
56344
49516
1631
50286
36204
57257
58781
7441
93962
30714
17551
67563
9707
4376
91494
72583
13889
29589
16233
98254
9693
28581
59554
90185
65807
98350
18990
35541
27232
49270
90374
66818
20888
65606
48843
31796
55551
88147
92822
42657
96397
5497
96654
35802
74774
54526
81282
62671
23342
15055
51759
45597
5465
8391
14112
41764
80643
7208
42741
92795
60003
74260
45753
39217
93183
4298
30034
62004
82835
47329
43964
81937
11721
69192
91043
15594
71411
53961
81416
30197
32156
33453
80056
22322
51301
35070
36240
2130
37271
23676
11881
7957
7363
14320
25252
22272
71006
166
92093
24220
96827
75408
93398
18037
32911
160
89263
32366
82598
73910
28646
87163
32820
26565
72603
17256
62041
64170
48606
31538
3124
88495
35243
54256
9028
51740
12188
34368
75000
8081
66338
91864
82742
85454
87108
29523
68573
47829
20284
14649
99207
4175
16364
81260
47105
26453
86256
15752
48436
79963
75788
3821
5776
93910
97278
35600
21398
29206
32591
18469
7528
66022
97326
44723
3778
82918
22393
23168
33127
37904
14049
56544
9520
51306
91838
62039
42279
94696
85697
64579
28574
52562
32929
88472
86208
10759
60955
50071
34722
74898
15379
93282
68374
54163
35408
80755
8606
26703
2827
33266
55012
54264
63873
16486
52117
76469
78721
88084
83109
59932
20044
34179
70654
18227
24716
35838
26
22118
40937
93397
29193
57230
44679
57800
9653
90320
20675
41474
31914
77591
74152
57586
24023
22082
28983
84946
76638
95783
36728
24271
21988
72039
15538
70494
15538
5240
48441
41043
60267
54953
41147
86944
11455
9533
42971
10174
63724
93702
57806
86960
97896
36953
53119
61997
39886
34222
25550
92870
82997
83684
36201
18842
73354
13626
10976
62161
74888
62002
78885
41229
39632
4440
87500
55869
90015
45336
47258
29744
18
56033
8879
9725
17069
99912
58529
75470
84312
36201
93824
34194
33447
61923
73100
63912
37369
28322
13258
88035
74033
75932
36471
10810
37466
63164
94326
3357
71509
68626
78674
79242
34987
15532
54545
80000
28215
11777
4591
32592
35442
58972
94943
68283
27132
88966
32988
70999
75349
94128
11184
54796
82740
88523
71222
38319
61772
74057
72356
18026
88520
30913
9507
89579
95009
12082
70690
65477
32446
60680
56421
27503
77395
63329
98951
64393
82293
13421
49514
56487
97649
84622
92860
75444
12074
65264
72562
26307
29483
37580
80944
32511
58710
95267
47660
39196
25267
53595
85188
39718
32691
73991
50832
32176
57157
72354
29481
13430
30978
5186
25122
15804
19919
14657
49828
70045
87817
59847
29253
46622
26192
85739
45771
20176
37577
84990
51890
84873
63553
32431
56152
82007
37828
82956
45451
13189
73
17266
64420
7521
54441
2048
12256
32397
84428
5078
50507
22465
47017
32348
69753
51333
76971
79726
68430
21019
6919
43926
75310
55287
89688
26084
80006
5847
75712
1041
53773
74112
81079
26705
43728
53098
66508
78186
22600
26708
69349
18266
36189
1650
55787
89008
95400
30797
37906
67485
4966
1275
32364
15046
34297
17482
28229
64727
47865
2002
76056
31222
75072
54353
81302
64136
12708
53752
20492
36793
14587
91115
46604
74097
72961
53796
83927
24132
22788
64159
7311
9281
54143
10318
97548
1568
29576
78368
42858
80486
61023
74538
83452
63212
63416
7074
63854
90833
83088
96678
23656
65258
33664
1404
3368
19759
39757
27586
1029
23897
97982
34564
25432
61639
49491
53852
99917
96968
49023
23371
17887
95938
23471
53055
85715
25709
2897
60608
39482
4063
33350
30274
47807
71981
88030
37549
89854
95932
18488
81446
89303
79906
92367
81614
91423
52242
89545
76910
44456
16548
55321
7237
99551
16007
38753
24907
71923
79720
68831
74369
26426
75595
30296
23163
49314
26653
25209
55977
17403
79785
60155
68873
78577
73216
42241
18220
6739
68991
25176
50437
74540
39709
29263
95031
31905
15691
89868
79765
58963
31614
64968
29652
46695
6213
70214
73151
63694
69376
61904
80519
75176
16896
51304
60265
2576
54083
39297
9708
72400
90612
77853
52136
58706
55194
20554
30689
15227
21510
68109
14115
76390
29961
75505
97605
83380
12332
20116
64240
69381
56006
44594
63596
41936
13024
97193
80234
8779
74497
40289
92876
7001
67093
64062
78867
97122
35286
67922
41062
51329
62748
50656
17939
53269
49666
38755
9160
15496
54659
43961
91708
53024
64917
60802
65564
74422
21934
94141
58494
29933
19487
22053
15352
6829
76217
46734
71621
98768
61342
45816
40598
46935
17228
27377
58442
47224
16968
17909
94093
84776
6435
36479
86343
30117
45908
60684
98191
61514
30815
60365
90932
45011
80408
43720
14588
88098
9198
36886
83634
83414
74688
49182
64853
5195
66687
56110
69305
37306
3607
41376
91544
57579
57828
96811
4716
25420
27649
86150
34408
99144
82869
73579
18454
98360
13069
14344
15732
24225
15559
69011
43220
59056
22297
94591
71796
83055
84425
256
1890
59219
69881
18441
28701
92359
47979
89601
92057
21762
30155
14398
98752
1120
61523
99376
46475
85110
33270
61209
52275
72169
64493
64415
41238
35822
65115
65132
16744
48264
82430
54131
91028
77898
82163
8302
31501
66131
14077
77966
36228
17153
22872
24284
81331
37047
98570
34632
37208
15118
37831
77550
10813
76102
19773
23612
60125
62747
60807
54240
21826
64926
86222
85030
30808
61352
36667
92129
48224
74780
22033
92382
44956
8161
3977
62808
90745
9189
81039
54274
51913
30028
88910
92957
45221
34811
25923
62009
24979
15663
59159
38181
48804
96850
95632
74865
45816
3709
35161
48914
56342
78584
99193
40612
12295
53406
18427
81040
77281
53041
47122
30119
4987
48250
73374
98759
20911
43492
46196
51212
60586
42687
62294
63664
85893
49703
29748
10312
59735
5985
43493
64209
66841
54942
5095
51900
6924
86832
19664
64122
25240
57611
73010
60947
75928
78847
47309
20017
10158
33080
62831
32374
61407
13841
87544
83406
91593
28033
91889
92799
88460
99358
58570
47885
37490
5496
26005
40434
43850
25873
1016
1335
58584
47316
94627
13223
26875
96248
35849
16408
11930
9443
4495
29814
51627
19171
4051
45038
48637
56020
58836
10420
72114
75835
52489
91495
90008
27021
59023
49049
38197
62619
3529
79148
55956
27060
72736
32778
16591
15453
85283
94178
22993
25017
68239
14866
81563
84797
71344
24097
88109
15514
64103
21791
85625
26866
17148
77543
85019
88867
33815
17505
42026
29010
48309
2449
38368
89932
72168
20680
52982
88086
14242
17004
95346
78185
60176
35513
35500
75136
85551
25804
10800
37812
78257
88885
12284
70807
70027
76725
7841
58581
36570
36500
32729
67157
52276
16059
63518
47232
14564
64644
31161
47597
6128
72937
14039
51570
26244
77709
20327
16380
76358
88510
75100
18717
16676
21472
95640
87211
63828
28459
30803
98744
87119
11697
77826
77952
23529
45462
90009
13290
39413
67944
61431
17148
40598
54195
15782
10968
65827
57047
50301
127
34395
64944
62016
74578
5982
93746
63427
38876
19385
64820
7228
230
2452
40950
98296
48572
37896
13814
7858
40733
49151
79208
1828
16133
13819
25426
37382
72164
86158
45502
69003
50070
21095
57869
8015
71033
86720
5478
66686
7925
97225
86
67819
89202
67822
35023
34472
28983
34976
3382
3377
10700
65262
85864
65537
19450
93090
40611
10280
88292
18997
57075
69490
95372
4937
34005
70024
14132
77350
52107
53011
70269
54308
67547
24723
43496
11764
28923
7921
91641
47067
33469
54566
55990
71352
83953
96430
57571
16670
64993
25907
14052
88997
83399
18237
54700
49028
54496
3825
21914
9407
96448
46138
6538
59430
41808
91307
40360
9190
83273
5942
29501
2931
26235
80303
59067
46966
44150
76852
29405
15061
82250
55797
82425
52557
65415
93542
33479
91650
10010
96594
79058
69501
99375
69365
3611
40713
71662
91598
19633
54601
37847
37482
12504
29431
62487
4774
32806
83493
51125
76317
1095
13015
65441
48614
26684
55557
2981
96571
1666
48953
32831
65812
61809
26624
2937
42422
85114
34909
29031
51492
67102
53782
43732
309
61761
23832
66160
82782
28163
45702
50654
17870
3998
99080
13144
66935
94464
36464
20906
3367
3701
16895
9189
5134
31988
70755
22578
69772
48950
10334
6809
93365
1110
42993
3016
36130
54561
27663
95510
84222
84105
41065
4032
63471
24139
44876
50539
60655
49960
20210
74893
37547
84950
37469
31857
58454
85617
87118
36978
442
41915
30548
89922
23131
89713
33644
55732
77828
89506
91867
34379
39031
18927
57105
69695
83722
58487
88480
13728
73045
61960
71872
37134
38158
52666
75272
54670
37631
20092
87307
43816
77522
81714
30606
54388
78645
35028
21014
49373
5400
82425
77383
67581
15657
24286
94208
96367
30375
51272
45199
65860
63548
82084
37875
95297
36647
31997
64290
25581
49482
77645
54828
11561
5231
67466
55623
39628
53249
39710
70757
80672
72890
9631
80601
89935
64200
42554
91700
15282
43489
25347
2321
10109
22482
72065
12919
43966
5470
75568
75936
30516
62309
31022
50656
81565
8962
55567
4685
38864
46043
23269
19193
13241
28219
80732
55528
71533
30052
63363
33678
32971
38455
74000
24329
69408
43356
22687
21378
30883
98509
21447
80596
62906
40613
21457
6505
28260
27616
55906
86865
31624
80505
85368
14513
19484
82722
81334
78850
81739
75733
81248
32176
55512
17257
71469
49386
44787
25495
57246
22835
87013
9082
84821
8550
81000
85028
78197
6778
16473
32373
47423
22440
49288
3036
42969
23237
85720
21556
41044
76311
16705
31034
19675
71781
64735
67743
24804
15167
40988
94919
86261
35864
44764
67574
57790
37851
45352
51132
30695
95065
88502
80007
83250
42691
1575
90863
79651
80713
45807
69808
91156
51961
19142
80544
55025
5472
15294
49948
55652
6722
4757
30863
79937
99354
62148
17750
33117
75594
14609
65432
49713
8186
86847
23900
23544
46579
67151
21367
22809
79542
19200
44414
96617
7497
47888
20577
42430
79927
72161
36409
63783
7639
50475
18335
57454
44065
89322
7570
35877
47497
85339
94779
46786
19079
10240
47820
62657
79319
45417
7389
80753
60124
58703
32674
74041
33588
8765
18499
69767
24853
37868
25281
67238
33193
93854
60025
17645
18871
88655
35466
8697
55351
805
47529
62201
49358
17615
97235
50207
91409
97137
51965
40522
83384
89176
89023
43769
151
44790
29521
84840
17500
66239
72833
21541
5796
5316
80057
45443
70996
64774
73388
95666
10060
44775
47597
84254
68206
81593
32706
88282
14031
97631
86246
38143
69560
70723
44063
80553
13377
91714
28765
65515
31151
63618
7215
76292
46377
6427
28667
42875
19083
7645
53693
17951
27845
61898
97688
43549
39320
76956
2859
27310
55264
22987
42776
6747
3731
35151
30895
92786
76922
22102
33446
26275
72834
34169
20539
19810
53912
47196
70257
40097
75976
46332
46014
44950
36312
56404
36506
8430
89150
80354
8668
41267
38108
87002
11859
70321
20042
97680
8842
80057
64896
41186
40351
77693
91986
79729
15578
72488
35328
31067
63493
91462
85403
51255
9789
9181
58257
13550
50039
36593
72898
85759
71038
23196
61902
73840
1139
57002
64680
77856
44850
13453
37739
51359
26056
21358
27764
23864
53940
73657
80681
71368
79791
1059
18393
47461
29380
41232
50139
40633
23712
42610
80237
32077
10021
24353
24611
61586
95811
57077
65371
69579
39313
58001
83336
6161
92942
65214
16461
45633
53890
37537
36252
6065
44343
53068
83394
8144
27351
55215
31826
2549
75038
13169
45232
69167
73509
7089
67116
20074
43060
11030
12670
90281
19258
14090
47649
78135
67121
31156
91398
4783
94891
35307
66876
85748
67107
68054
48926
2382
21224
20794
36604
73109
29224
25596
74171
73348
22150
92577
51268
55847
51849
69449
75537
40884
40344
92307
13134
28426
66626
31807
68460
27541
33607
22874
82414
57282
47768
68476
24381
70592
58498
48250
49873
82257
72306
25531
683
16566
66027
75295
31805
17793
81175
52739
87139
81419
95348
62139
88632
71178
26463
95782
22439
34522
60076
80831
90611
63528
49044
98911
7986
66952
32363
95173
3717
40748
31128
61548
82484
33761
16240
91123
15370
4308
6390
80407
19569
56738
30272
49813
34931
26586
51237
67795
74934
31629
53517
51470
66469
5110
9110
9431
64545
98373
76065
66917
83596
63300
6856
50063
898
89220
97602
9991
22811
8942
31116
6448
30431
30888
9428
5725
82310
93932
28198
64714
99769
88881
19368
98629
52368
86470
51468
57572
93208
19649
20453
95571
83600
65344
37980
68174
36945
96071
16047
9946
36676
790
43352
51042
12313
89211
63754
73054
21041
69007
82837
3438
84986
32889
7830
5269
24219
68047
82713
58656
5164
29469
82882
41200
42124
94739
888
20831
44743
69619
26771
86222
56088
69915
77944
8130
40406
68373
74480
89343
68384
81629
20974
61465
98158
98278
41270
21588
26304
25154
67733
66202
61447
73921
62653
27714
7851
6780
79853
64575
17769
99359
60866
13018
80119
42916
82079
20021
84862
1977
19211
45971
89627
55253
25827
84630
55897
39362
27878
26243
12929
32838
61944
52744
76607
66871
68534
92181
16171
74925
57435
1133
81347
86523
10390
9419
17369
51855
47537
75833
55938
40017
43495
99732
38244
62863
98607
69250
65844
14815
68818
29910
32190
54819
79711
2087
54188
88433
76136
44310
31301
3990
27456
59173
34218
20536
3095
73343
77748
69517
43619
36471
87714
68938
10602
77912
94232
87751
50367
69497
95261
92995
45229
9807
47138
9022
11870
77347
30226
94918
66563
89267
90692
35393
53061
20334
91187
46566
72967
44944
50278
23171
70605
94961
71300
78866
43403
11723
96318
46171
3496
14011
74414
26567
75658
19302
27680
6055
89847
42942
8137
96467
31281
4014
71097
40127
81556
89038
29778
24129
83287
4762
84292
14109
42558
97556
50236
47772
73907
46979
26797
26947
90387
44484
71913
87576
8645
84740
84384
48599
42524
73557
74561
38506
22196
23329
12931
62559
68862
65458
98710
81317
54760
5000
46553
89276
93761
7544
16484
21711
56796
14554
93519
5548
94055
13807
41783
87946
60128
66279
67354
70381
34864
69306
44577
68771
61599
37935
97385
31611
39457
34634
45941
69823
60349
77558
67606
54676
43325
30638
89641
22650
16705
46123
86648
55091
61899
19394
23585
16821
16980
42940
75573
51740
58232
92645
22651
51105
22634
58187
31285
91047
92562
658
23660
60811
20361
7225
95586
73785
85459
99934
32922
55551
5788
58504
44790
75366
57403
28318
49167
55106
93979
15503
80262
90559
96156
20327
57105
59502
57342
42284
82508
82619
41374
75296
26249
69819
8645
54992
73794
43258
77592
13407
44819
70539
76582
17452
31636
45301
70348
27208
55945
91938
86742
16761
84658
85252
70504
19179
44399
90757
98663
72077
53765
68353
69500
35051
84988
9114
54587
61933
54930
78314
48951
44125
70646
40999
38434
9095
7321
23049
71993
52238
85865
36885
51131
87871
10132
42966
36254
71385
27786
53762
11874
57623
44410
75185
21905
75101
49644
62522
86957
26941
5589
70798
41018
32053
31982
61847
63240
64296
345
52683
98106
88522
64682
15196
15103
64148
68929
96842
56338
8192
99008
91449
90023
89513
85682
78845
74990
27299
59225
15735
63588
10393
91064
29792
77710
44203
10540
41197
97054
36189
82121
78530
66540
97412
63067
95602
18652
83339
52923
81107
57281
27819
70450
7456
48190
4163
76807
65680
27402
33203
5490
71291
67685
40416
10287
85114
2927
76032
69152
25312
51449
3197
29666
8218
12950
83703
65689
31841
28222
91682
19348
14572
86755
58484
53116
43394
73558
82950
47601
79359
56895
75825
31395
10450
54706
63962
113
13163
29825
95728
55277
49645
63137
31308
20125
48573
30563
88588
86857
65535
94279
20436
75273
6447
20117
60567
61560
95454
41248
54468
2994
77570
49053
69912
49729
76919
58568
14524
4432
8074
98853
24346
66379
54858
59380
38834
45321
91577
93697
93756
36307
31661
17909
11401
61530
81863
97654
67708
83277
37243
52637
78517
55653
89228
83902
74318
94231
18044
29999
83848
75603
88158
7872
37214
2623
892
5029
21944
89298
19859
98811
22348
91560
4352
99775
53367
49696
87329
64398
22150
26104
92457
32958
86945
90497
86683
25695
62504
26020
32288
54306
25517
67354
39922
8360
49452
90476
83025
41539
32210
3255
30431
93399
64344
73220
57336
74714
31249
58998
70275
92299
53754
46385
1050
40607
40712
40928
93449
925
14331
22585
10470
76074
94753
89667
14143
29359
69930
607
49559
92930
39829
19768
11328
91841
57322
24940
80140
51144
617
25723
80155
32632
27744
53628
44598
85038
37107
63056
2863
80359
60085
60821
9699
1627
67959
21289
24890
51499
50066
14575
80823
81329
86154
90662
34517
24424
85365
45023
19977
10941
9459
28347
90711
92900
56599
12098
29705
81664
79216
9058
40709
13722
15870
64694
29261
47488
17993
37947
42280
9268
94521
57302
93485
41694
26598
675
93276
75877
68014
23759
21075
27025
51439
34554
63350
84223
1376
61416
74993
62805
70551
37444
66282
49923
20887
42586
81790
74745
67697
73047
96274
48366
89200
54165
85438
9972
58105
34393
63473
95518
44416
26240
65908
50608
20501
11820
88854
44782
86645
60160
84756
53947
86502
23832
63645
87259
7247
47899
37688
46894
11179
10080
38669
1008
26805
14730
31939
26837
10165
92966
69250
35675
6927
99423
86197
38511
50043
79761
23130
10694
83931
73015
73384
1885
73165
46409
78733
11908
22259
16109
45366
29840
80978
17262
62083
48316
57910
28548
55378
19662
19980
45589
31667
62931
11010
76350
11700
63619
12465
69747
29563
7922
27643
60091
42612
90572
37096
55959
6971
51922
86909
55275
12632
47280
22130
2
91645
24154
39445
59104
64838
16047
72948
47533
74031
30612
50001
17641
92134
17701
18237
65541
45990
87984
1669
81475
35293
89686
43505
42868
92445
16455
38108
86303
38914
7165
59647
23779
52269
45216
40624
53258
23469
16127
23925
26638
93103
13735
59159
41668
85727
9487
38376
12155
99534
32399
56817
98926
69287
36239
71975
51919
18606
73366
91570
17619
41656
23203
58259
95882
50715
24421
12427
18568
3215
24162
92040
39360
63633
82867
94363
98836
41592
80177
33868
27134
10252
60789
68248
84585
78267
41946
39537
65191
72141
63944
54925
45567
77311
60707
66869
18238
51968
30685
33670
81503
82983
2527
42007
90620
45219
27932
90812
8849
80554
33417
18700
65718
13764
15244
39926
48334
30003
8463
44793
7556
76554
37179
87329
16612
28682
96986
84620
21093
37642
21661
9523
13214
11794
10401
42894
88120
30706
88829
26080
29456
23656
44935
98346
37761
8580
61180
50778
85334
54175
29279
51056
10088
90437
36788
66830
20340
38397
67964
81632
94358
65784
7400
41920
92571
64033
85688
85267
7212
33181
96260
76768
87628
53243
56274
9298
79546
90171
85292
96644
37306
91824
41658
99685
24596
37456
12689
67188
18637
81109
46149
32880
72136
81068
44363
2010
59249
5810
73855
88666
86209
4974
48701
46503
21402
52961
68441
21698
32384
51448
3918
74407
38678
97454
24594
24565
40723
90098
55476
29982
22821
34916
54323
26030
73692
33470
23535
53393
88007
90892
53994
44016
86146
61151
31568
53476
89092
63218
84115
88118
36510
62348
37977
50538
57399
41850
21067
66896
43848
82225
54238
24318
65225
37401
46327
86268
18744
24285
71082
72627
37615
83528
89401
54670
33248
96546
10316
12024
40193
60335
16556
54368
54235
19656
28274
6818
62088
89681
45250
49126
46719
76318
43551
33834
94609
28165
59530
81052
84980
22056
98887
58397
93374
8764
78798
75296
2333
27695
52826
94217
34321
28873
21099
95332
32094
8812
8876
20200
81670
20474
71217
72000
31773
51626
83739
65625
18239
10091
72012
41396
24912
1792
44218
29707
66771
90380
81339
49575
90131
18170
81959
48167
44541
9885
49253
65499
30279
32329
40084
12241
10476
33239
64361
23606
93754
18821
92574
23917
93822
97865
93078
2878
79513
91240
15675
97522
87734
56892
40295
44335
96950
33165
23428
51793
82483
7232
87226
54312
14109
17989
21985
36328
79165
3834
73186
67829
72907
30921
94543
70281
79062
17404
12596
63663
95667
15996
85873
54036
45235
21228
19749
31944
19068
16655
44304
7194
29869
51353
1050
16882
50041
36841
13861
27188
58254
60758
78392
4426
82555
37560
62153
78936
54430
70085
94786
67052
23657
67739
55310
60933
41757
86020
79016
49880
10496
43068
5727
62594
34183
15064
10190
75995
65506
92639
31210
23604
28334
29205
15677
53630
64106
98384
3639
21471
43391
68653
64374
76487
57457
7885
30117
80225
72398
49784
11432
42123
31918
91457
91704
60360
59712
78911
6745
967
36953
43497
881
59494
52859
74271
98164
82920
2351
4818
4824
70624
29284
72999
45204
5348
54837
77201
80113
11103
79302
50353
48723
8066
4883
43049
72263
3661
96015
82969
2543
53021
58655
51279
72022
26049
88895
44364
75999
32272
94537
85683
1148
95936
54735
89063
84900
82422
2108
5168
69048
5094
18295
69652
81776
30926
47331
66018
13073
16939
15556
61663
52266
29665
2292
44489
86259
63817
71912
70762
5789
526
41044
25759
6955
96064
25001
38484
61662
93801
92438
11326
98078
93992
64278
68210
37882
95771
97437
28866
33619
52996
74400
78935
84900
48071
7054
20788
37355
9526
35414
42767
24875
63991
76661
46870
16630
86129
84101
8895
98585
18072
25687
97985
22969
47183
60446
42935
57361
56769
11154
33653
47320
751
85536
96955
90970
25060
97605
12058
18425
57063
75114
96100
68327
2792
9632
83536
82083
36929
83686
77166
27162
19495
81464
37876
11463
86817
99816
55579
23528
54263
4472
12811
50464
86704
55416
74130
86883
98959
89732
69774
20064
95666
93876
95206
93851
15595
62385
1645
26109
22360
25934
62831
96985
68334
87532
43620
45485
68170
28875
86028
27480
94479
30832
26178
95367
22710
86036
40235
39338
19226
23583
66252
40807
23174
93115
74169
14211
82578
28126
4549
78860
75055
25012
9119
96562
72581
616
11855
92315
71612
36463
70102
43402
13455
17173
4743
91643
55425
96702
78749
82411
20487
21121
40602
49895
45010
46835
14493
91892
49414
17032
69151
25060
48767
4017
27517
26409
51409
93758
32807
54940
30765
65046
49648
15165
48915
80212
18236
84457
68203
12564
83525
62667
93642
24908
63974
62575
14639
43570
34714
17354
16737
23265
63426
33830
97293
43763
8867
42118
92543
65947
22169
89006
46906
46788
13604
84711
94118
54456
41156
56152
97653
10594
25809
30710
73265
33969
31947
83872
76810
68925
33153
5039
50891
53790
41115
96215
14350
94637
59356
66051
42452
54145
12083
58173
48736
91368
12557
3291
80710
13762
4796
38644
79902
41465
54618
33964
86304
56815
92578
16613
60890
50331
91374
74352
25076
23404
87537
85984
40534
41211
58936
13356
26137
57101
70908
22734
82069
62160
64902
64257
62490
48766
81816
68870
60601
26335
96567
26874
88883
56744
8227
47888
77436
27913
32356
39184
44678
93330
17704
7941
18121
33278
78646
94762
67835
12532
17923
16966
83521
89266
82486
56383
78986
74166
65675
1615
66875
88320
61447
8904
37201
28999
68329
36616
37068
6769
87019
54969
14580
61669
34837
32514
51157
30788
49070
96730
74797
28560
30126
94566
59550
97136
30111
87487
9204
68071
13622
69893
29021
13634
94734
41774
51022
50426
91134
62277
47468
64519
59173
12201
78108
75578
84343
72036
88606
66677
15831
34464
46208
78508
79705
45978
83700
2156
71107
18086
20830
290
28864
68184
81164
39859
87335
23406
52075
59682
43665
26644
60394
9325
28769
71301
78404
27869
19092
16238
26546
94019
47023
7541
24377
3505
63387
63901
63089
59262
68652
78035
4447
64904
38478
87838
47455
87991
47746
48230
56936
97507
65508
5156
34252
58507
81240
86935
27417
86120
58815
55347
35040
8891
66888
1932
71654
2761
48275
42509
60656
44741
48855
48185
92877
49147
10779
53735
90227
61030
9906
21493
76779
261
50236
37080
98742
89029
65211
1950
57657
99144
36703
67516
79865
46879
57854
60238
37871
63493
86041
5002
66164
36051
55136
91160
13295
65028
18509
7398
49728
42705
59393
33796
67189
90460
75692
40949
135
58241
97439
93000
60256
34595
38169
65711
96785
53607
78598
1357
45865
5594
35027
25786
19196
26616
20762
9930
81649
76629
65599
39530
87221
79982
70573
93422
30452
89436
26184
98811
20217
56456
21819
36758
47636
52546
26533
43708
7561
34287
30050
4118
48606
71388
98461
7533
66295
34722
66040
24152
85754
71525
41455
70681
58318
76134
18429
26254
71204
21507
35288
45593
82141
12592
56314
58255
57074
96111
38102
8754
88842
20317
61797
60194
61425
80876
32289
13512
62023
1051
48691
3032
41600
75609
18063
12619
40640
32373
30651
32633
18000
87545
77327
2323
90893
80568
35174
56010
75199
26248
1030
61126
18471
97731
52402
29248
72518
63997
97833
48184
45679
14852
7682
328
55372
16959
55720
68503
2900
13717
10979
7590
2004
93649
2881
68267
94373
75630
16104
5415
48477
15240
20712
93850
17604
9161
37906
83045
47286
1767
64611
87008
24299
29463
22733
36758
81723
96079
77519
11613
32186
6293
48661
5504
16742
17075
60625
54954
50388
70907
69591
63051
25555
69188
23911
43818
45177
35777
47530
70132
29972
69112
19048
8213
65264
70313
78335
13070
38925
70618
81540
72
45045
43120
53324
42763
86406
16988
92416
28229
68673
59849
25978
57952
35474
88546
41756
12655
79412
28377
9768
67824
11288
77842
54697
29806
73195
37109
19554
17267
88548
32322
89263
55747
77629
29754
20602
66647
64499
54508
79037
69792
63691
92335
19320
1129
25441
75503
39792
66313
62681
69404
82726
37914
16008
68442
94067
61484
34308
92728
36235
16948
46852
71854
59725
71816
71167
80566
56978
75361
732
41960
87046
61478
14059
44171
70895
13088
15330
1887
45049
30861
47437
32421
43363
83635
17593
58827
63187
99037
21220
45602
26558
74469
51038
65394
8697
69967
97497
29224
94245
20872
26634
12078
42847
43357
76754
2039
61418
79182
7844
72040
39064
73804
25378
43071
44592
79357
18759
64940
77363
17470
96545
81807
95803
80043
84589
39595
10233
31212
42324
80170
27953
3558
48186
47495
95742
57338
54285
78379
14429
85899
94592
86200
36051
75375
64180
88423
65390
6525
30048
64297
63418
88722
19155
96756
56377
61473
24181
12686
62373
15229
58044
29369
53603
70286
12202
88141
48363
31232
7577
42854
43315
98788
81244
1274
12389
54464
92980
48225
89115
22558
69767
31674
74074
97807
81953
61962
86657
92650
16937
92918
29165
95231
40477
3763
18547
81954
59424
73818
43791
3699
24576
36359
89685
81076
39153
14861
75978
73141
11329
92976
61307
27409
1340
61938
20702
70237
95750
94256
92029
85230
8823
67906
60973
75733
18648
51247
39311
58542
1110
6329
43058
2966
77586
98217
71177
68217
5870
32345
49125
95503
8971
6747
18400
55318
16153
57813
83860
82925
24718
99919
98782
84027
16402
7413
85811
69245
94144
43619
99728
46802
30029
56058
43469
59002
24870
63576
79840
39562
21826
51313
7978
16949
6750
66603
56484
45532
33559
47646
3026
61878
68675
66515
14641
35896
19945
32848
20979
99160
94285
5138
64507
68631
48539
28758
20552
82532
73792
99026
92958
84665
19881
20959
87645
73249
18478
51302
11566
47043
34181
56263
9415
58783
27115
68578
19977
62474
46185
98259
13495
90171
78962
40442
36421
49748
41314
56732
70333
82361
19197
77393
74759
19103
92423
16745
5682
86569
27409
41494
64843
74905
1280
41170
17958
4865
86111
78105
58876
53731
31309
50174
20192
81962
10581
29096
57766
29839
86791
7385
49785
27793
48317
16436
63671
27669
81405
6355
87673
9687
69739
1746
34497
48691
5521
27937
62473
51194
40037
24527
81973
77049
75544
40728
87187
13296
12126
90669
44424
39360
190
80019
69973
60038
40790
77650
41223
57643
23869
39898
98895
13059
641
88654
50502
73870
99942
72529
25433
50100
4502
98225
91960
56433
73040
86003
39731
5051
24962
52049
93378
31643
16839
1430
81841
50958
88608
83953
93071
37470
13488
89236
45221
41856
44287
61480
10938
87616
21528
50094
42689
1745
61956
60286
3166
56979
2656
5485
68452
61308
40805
30474
27733
19740
95637
12580
64656
92175
145
48457
45255
54511
29231
3755
32855
56505
67134
45275
52917
79085
35296
87606
62736
31380
81646
62568
88461
87825
98911
65814
32443
15515
16408
15159
1225
65156
67038
28762
3688
82856
94076
93432
21642
86920
23908
82254
63106
38960
23087
94118
49935
74902
80796
95904
62346
29127
68286
77923
48882
4387
89596
19356
15666
79660
63212
29110
17027
80867
8294
16054
55043
4902
39606
38050
96513
44813
51779
2358
74594
70997
65600
16279
11921
43278
53212
85223
3572
18131
67973
2243
76903
93232
12906
24098
783
62854
42985
63475
30805
41372
33134
26800
81035
7749
27974
90993
86401
75142
90757
83068
16849
73965
86016
50832
16182
48211
90397
36839
66878
59649
16677
72786
79243
47412
2724
15987
18480
23506
12840
26373
31420
81493
72663
47174
89803
49019
71115
77286
20302
53378
20587
79919
46380
44578
57895
34163
6083
24009
56592
30610
27056
36529
21827
69323
15870
39090
99449
23611
21132
34085
4302
81100
63651
76335
64540
16552
19774
44389
90409
5634
67116
97820
53493
33587
54467
71311
31347
19549
85151
96894
60370
24956
59402
70297
93855
8019
19114
51717
34867
41905
94158
78585
39326
69365
67974
64077
91856
62009
72914
42021
54800
68518
35981
16660
83483
6625
83583
54293
76785
44855
28391
84923
73791
84171
10921
72024
1418
42513
85883
6086
14396
17789
92134
57316
32759
79633
99040
14114
63766
89018
8268
64522
62913
38645
7180
81600
12893
15918
83647
67279
79700
51173
83330
3387
2539
43183
83189
50004
5620
14649
70244
13386
64232
70132
53855
96186
30156
36221
53724
69350
75150
95623
94867
89071
33810
92179
35681
52318
28979
30782
84294
68852
53978
91224
98392
92702
10793
12409
36299
12935
98852
21295
60775
70388
48205
2897
49427
82766
43073
35983
30096
34323
51052
7917
6779
94515
31274
68883
89548
15502
76717
47871
77546
7813
74348
82743
99586
11528
30941
35527
28237
88122
72800
74870
14439
22507
82803
39687
35330
16060
41726
41518
18840
25518
79171
5481
54278
40868
94085
42823
57907
46978
14020
66710
88843
35941
38785
35481
38495
18485
96811
66368
8667
90365
25553
39099
3059
9731
32112
25711
93733
36838
66831
87378
24087
58909
62342
28992
11789
13807
82825
75909
21402
43692
26790
23026
79263
50670
13674
87892
27616
53744
28174
31452
50752
11067
6111
74628
19741
98090
6987
81888
24561
6735
8701
32307
43497
20546
32466
40379
39686
87577
16363
18876
31461
78599
88367
56981
97110
83674
85286
10916
40714
90625
57656
81924
28801
89266
80634
74982
73835
3056
56573
9750
85928
46206
15728
38145
78149
14399
95932
271
64361
90032
4034
99847
72841
31303
37953
44299
3384
53931
33652
59190
86457
96021
92170
95491
36613
69793
90538
79197
67016
36985
50030
97962
30935
322
97425
8981
87382
64017
2091
65756
72379
67640
42780
29291
4414
78911
61252
28477
9129
96104
64226
28046
71058
22077
64045
78007
49485
2512
4254
27310
84907
62693
43444
10158
89919
68302
23702
46110
38209
80112
32736
45704
88600
86989
24053
73519
8872
50709
97397
38887
89218
86237
12999
8368
86732
94268
98915
65342
35768
72903
2583
54303
96562
63275
33060
61667
41682
71855
90531
23243
19986
91010
39628
7599
77800
74084
65295
10548
64335
84249
24971
4426
26439
94418
20338
58339
78240
8212
60441
53221
39539
97291
32349
24779
39103
24881
16918
51384
13220
27188
25045
18307
25441
74061
17179
14137
85709
80891
58236
74590
60125
62952
23295
87647
35956
72089
95266
24818
83205
48507
41216
50190
73207
69357
95243
12440
80327
48693
81047
21079
19496
66609
40157
98487
7796
15757
69199
58415
7223
10366
98171
41146
65632
61423
88893
64750
98655
76297
95767
26945
15493
37379
11440
67742
75974
60702
46577
72929
27885
29577
67709
80523
87914
28436
34478
55716
2339
35083
2638
44412
48621
39641
84035
10661
35418
65009
95305
34847
75696
89166
45260
34683
46907
54511
29419
17466
77384
62490
63021
94954
25747
40701
80906
25034
2966
33485
51954
40845
7262
53655
63946
99362
39510
2927
77189
54379
85181
89386
19545
88642
40461
88366
98641
48422
94140
78005
92912
46103
99097
71354
65140
90916
47901
58242
87220
59469
34081
60944
8147
82767
64751
3492
74411
86403
672
57376
32320
54978
95148
37343
6363
33905
64305
94857
90556
12787
10626
89347
37279
4664
64590
73445
31881
91420
91555
98484
55306
14365
81527
74467
38361
69160
79168
43670
38027
13753
91789
84719
36400
2295
35068
32647
62964
77538
12952
41888
67460
43739
41483
45493
772
44070
51214
95809
98190
78854
85489
55033
82905
32573
69171
35242
85367
19992
79610
60616
41323
28983
96279
49290
77002
34326
36419
77112
42952
86309
8796
8751
77618
1569
84293
60462
39812
14178
85100
14922
37928
54472
90094
84731
45674
22372
72277
42699
89611
1484
52548
48836
31969
97560
19505
6744
19250
90955
63230
79240
70668
517
52253
50080
15697
83454
76025
51124
88502
51858
94319
8425
2791
11889
10883
52508
43469
19780
95561
82701
12752
68940
83419
79367
17718
44577
92682
38916
4914
30662
84765
86157
12267
7140
61626
40305
14065
99795
59826
82641
32626
263
27354
83571
55406
93457
63612
25020
40400
55562
48316
77149
75223
30618
29112
89465
74099
81698
53308
79785
24558
16260
32187
25674
60860
68312
58139
50873
80718
4075
2132
81313
94860
15504
43194
76670
36520
71476
6588
4207
64063
91967
64750