42594
90386
36296
84665
-33957
91961
-791
-66325
36551
-91053
-83967
-2656
93826
-34735
84860
38507
-1033
-6927
-84243
-22560
-71097
26652
-13719
-40817
-50353
95045
-66603
-76144
83562
68764
81480
54847
4326
17445
-96255
-25874
-23865
-55631
-30288
90699
-9371
11545
-62471
91324
55381
29742
5020
-3006
-88164
71356
-25155
14359
89399
53250
-64530
-64651
26375
85907
89144
32420
25630
-22668
-76274
-8984
75270
-84276
64832
-66730
41389
-7442
-78903
-92096
-42093
98937
-84546
67323
-38156
4747
60103
-22820
-44558
-75825
-34313
-60696
-56919
-90649
-54267
7198
-4052
50153
-96875
-84606
85389
97815
2026
79548
70289
-1192
-77632
28951
-72412
-5978
-22256
-22834
30934
30657
70537
27777
-57667
31930
51458
-12685
-96316
-26338
-95874
17250
77114
31751
49852
49971
-37595
25375
-47334
-60341
88430
-15663
29405
-34733
-82640
-40259
-25581
-90576
-82168
-99376
4004
-26842
-25967
-38699
-19950
-60780
31829
68533
49266
24668
61813
-65750
25433
-42546
-97893
-6693
90251
-75065
9865
86439
46113
32248
-57293
-40370
32645
-61981
-65171
-74596
8406
40636
78811
24578
93967
-97582
25429
-44209
-68529
22549
74885
-40470
51273
34450
11713
80673
-6645
-28732
89839
44992
94592
-34046
19122
86628
33611
14470
60613
79876
-43643
-66101
46723
-7154
-60624
-55688
10778
61622
88724
-74874
80438
90768
55222
-6966
51000
2960
51460
1648
-37011
86279
91845
-43592
-10727
-20769
60780
-55501
-37332
-7255
41123
-95394
-78501
69477
-28771
-48878
4357
23468
67100
-94068
97863
-79622
-8279
66351
-3786
-69535
-31965
-8544
46137
-16548
-39301
2994
-21770
15937
-9968
8757
-64645
87642
51524
67597
-16951
-17828
-85492
75862
6729
-26334
18081
96608
61336
-72446
11410
-62915
-75230
-98300
96092
-55576
17212
-24872
98494
36380
51266
77700
-10658
-45414
-42407
-60323
-44572
-68389
82460
-83217
-42019
26658
-11755
3337
69778
-9877
68937
12580
93862
77800
79568
24587
93502
-20783
89528
-92556
82755
-28399
-6552
7735
-91353
28896
-9010
44056
-98462
-88359
85999
64741
85092
-48719
88870
-26146
-51589
-43041
38494
25703
-85281
-28668
-92709
64519
78918
-94388
-68939
14605
68035
24879
-28633
8982
-39068
33990
-17569
-8835
-58415
-69879
95285
-97166
71787
20117
-79178
67212
-58147
23303
18553
-44527
-15707
-54543
-94564
89866
11518
19817
-45019
46698
-78714
-84149
-24850
-97759
-8001
92625
-95144
31800
83532
24828
36468
-3809
-25415
94788
-30864
-72818
-49698
-48128
6619
-7599
-36307
-66834
49900
71215
16861
-54202
70043
955
-74389
41349
8589
50630
44572
75491
18538
-66614
88840
38769
-91875
-23548
-12827
-77836
-89397
-79981
-34367
-85434
-90252
90471
75495
-63671
-30278
-31936
84743
48614
83693
-7501
-18046
78794
-93965
-70271
6231
-28024
58741
-50670
61366
-44536
-35701
-65146
57221
-97629
99772
-46346
-34698
-789
-75872
29532
48062
-77905
-82684
-99842
-50469
-60275
43932
62874
-25708
-85955
-17815
-20435
23735
20267
53678
-32771
18619
87221
-9692
91445
-53719
54721
95421
89751
-81453
38494
97360
-46598
-51033
-30437
92706
51993
60009
-57819
46582
-75498
32986
28971
-52349
-88710
76204
-42741
4593
-17829
63593
-39539
-19719
-58610
-53660
-75550
-48835
57816
-324
37766
80348
-19051
-36440
46599
-91556
-55005
62123
-80572
-95661
-8505
99141
-10461
92845
30669
-86281
-42827
-52583
-23435
-91791
45943
-92353
67764
-21696
-24790
-65885
-6227
-72501
-68981
33761
16125
73211
-4294
59248
44756
-68761
-25672
-4455
16424
-93265
57900
41883
91287
-37813
-65043
23711
-52201
6840
-14633
47826
-92345
-58430
97949
13663
97932
85653
71585
-97029
37774
51996
33223
9975
-92226
27613
-17310
74105
19925
-51390
-34376
-60441
76156
21865
-66263
57298
64040
87118
30938
-19906
-62344
-58909
43109
-62843
-9959
-79550
-79444
93418
87759
5676
-31640
-16123
87866
25401
31814
25249
86168
-2026
19572
57610
-4249
-73988
-42400
-62581
-7582
-55750
-86900
-93423
59621
62916
42201
16213
35353
-77187
88051
-66438
53643
79145
-51024
83305
-67521
-57735
67248
31872
-4724
-25129
-51097
-63316
-29630
-27755
-31214
-41517
57077
-66450
42933
-45863
40569
-86171
-83462
22872
83547
44574
47700
33502
85694
-33771
57811
-53771
-99103
3955
-50958
-16414
24492
70872
-23042
26185
-48696
17630
33089
-14727
-21182
29296
-75290
-78572
-92984
-54728
-38902
50137
10933
6675
34406
-60362
-85639
-78159
86679
-75006
62300
-79881
97530
-28808
56728
66030
-7590
57461
35389
-96899
-58238
30095
38008
-47098
-33896
-87067
66503
-24739
-23391
61648
-9308
-79853
76970
5576
-45467
-37007
94583
97931
-21867
-68450
55721
27981
-10130
-96601
-38999
-36104
33924
-73065
48168
84301
85884
38768
36047
-89402
-85390
99009
-67523
-91654
1699
15806
57723
75419
25268
29952
-85852
44628
-98090
-54179
-62683
96298
9199
87161
-2598
-37630
67855
-9271
31204
18180
6610
-55805
-70462
-95701
7186
41980
-79915
7106
-50187
-20929
-73154
-37154
87217
9741
41374
-62907
-3869
-21942
99102
-62231
93292
15634
-46888
-83081
-9127
29584
-60549
-71658
-91161
-61197
-87173
48091
-52072
92423
-41820
79813
-70959
65431
-96191
7107
28231
-24501
-65368
-17265
50394
62584
-29514
78597
-21020
17287
-21939
75677
57317
37732
4394
-61999
-24989
-57814
823
-74126
35260
27158
-53376
-58949
-6812
-55856
28743
-26099
-13448
29616
-63976
-53847
-75064
59267
26093
-13919
-89956
90889
-71543
875
35933
95740
-21370
-46531
-42325
-80832
-89432
40140
-87333
75830
-48242
98385
-69921
61767
80201
-44599
64379
78976
-72022
1685
27977
-48915
4983
47938
-5186
-51615
76181
99095
-79014
68065
-70350
-62519
-74598
93300
-13470
-8573
-19667
7384
-74711
19364
24864
-83200
-88523
70485
-14590
80017
-4814
-87157
-11231
-69992
-8188
-80953
-54594
66443
53153
27979
79202
-94489
-59652
24712
-42958
-92005
32284
-4544
47373
35364
22703
5454
-9877
-15099
-58612
25698
91424
96307
-66980
-16862
-89944
92764
-38518
-66377
-78068
17464
16416
-33021
21592
-27625
46039
16096
43989
-76425
-31656
-7315
-70217
-17764
-56248
-40278
-3749
-74217
-89869
87094
-78893
-99436
-66199
87563
58809
59774
13406
10388
688
-54201
-53077
1087
65657
-91654
-52133
51149
66537
94574
-63317
92806
9888
-89381
64060
-67981
40144
83292
-4775
5262
42985
81520
20866
-76896
73049
-32265
-93196
-42375
7693
-95021
3066
-20209
70474
68254
-77369
-3468
-41944
5485
-71895
73425
-14683
-40686
26018
-85448
-23676
74962
99487
3099
24366
7861
79779
-6710
-8219
-69207
-96300
74062
22736
-91604
29873
-54269
-52522
-16434
-444
-15507
10248
-43742
8693
-2142
-20941
-41689
-83615
-86437
52151
88087
-35862
-99297
-12998
92787
50893
-41702
-92196
-35087
31275
-26517
1397
-55660
-54651
-37875
42317
17071
-78804
73319
83515
-74358
44682
73264
15454
63252
-68797
23298
38551
-35490
92346
-31867
-31630
-64916
22548
-39137
65221
14821
40969
-30034
-13138
-43864
31220
-42892
62389
18638
-78233
-45445
46865
-38778
-52084
60188
-34076
-56580
-26521
63184
12434
-34981
-85287
55132
61519
-38606
-75318
95635
72041
77331
-91099
48261
17259
-54151
-11086
-51566
89819
39405
-58592
17348
-5342
-94414
77207
-74193
69316
63698
63033
5874
96710
-16782
14356
-95925
99765
37486
-85897
-64162
-90802
66074
-30470
79168
-87025
76030
43532
85693
-93037
-14070
34279
-27021
-26907
-42118
-10868
96684
-29745
-18051
-64830
52278
97764
49662
19699
27024
59575
-12377
-48334
75289
67936
92588
94795
84599
-81675
-75386
-55630
27772
23408
4635
-19054
63953
54702
-73170
73611
35547
-75546
-64826
-9684
38949
-2870
4839
45741
54550
2717
-36696
37018
-6743
-85727
46891
522
37806
88972
36849
-10876
92262
59733
-81033
47352
79206
-91325
31239
592
-89006
-12221
46260
87752
66858
91178
-1976
-22454
42798
56808
24741
-77039
78332
43522
-28923
-5352
-34681
98932
65301
-74483
-42672
-3330
-81484
-41440
-14402
-8405
-56145
85997
-86540
-45604
-58461
-70069
12212
-12257
3930
-68884
-71453
88150
-53679
-26544
58357
-49646
-15664
14687
-37393
14450
13401
-92145
-30286
-24621
-44250
-3171
-10805
66373
75732
-72066
-70968
82514
-94469
-77757
12967
76787
-44806
-93616
4395
71402
-93708
-23447
-86351
-64581
24549
-27146
-99131
74934
-11936
-84025
-8894
-959
-59039
27968
-91212
23743
-10080
46632
1509
52736
11495
29140
-71586
35192
95298
82041
-77463
-9823
-68061
26426
11536
-3817
24535
70112
-96251
25337
-85579
79441
-29899
41541
-27734
-36223
26615
81675
52676
-62675
14007
-81618
-20561
92026
38209
-47423
68912
-68806
-45967
-69999
-81454
-96832
9371
-56939
-46994
31778
43629
58433
59209
-46674
66100
84976
38232
3433
37444
88797
-41069
55475
-15123
62011
-73578
73304
-13617
64646
-38685
68025
97250
38842
-41261
27722
89252
-88984
-1437
-71988
-3455
-19641
-26365
46644
-34271
-2559
34804
31723
-84115
97723
7305
-62806
7662
52409
84873
88803
-97421
36895
728
85092
-77913
-59291
-28196
-6142
-49887
36277
4643
-76719
95952
-35255
91156
3176
57277
56254
-2671
-26000
53529
18980
62056
-49346
-11084
78748
40564
2627
37243
-80030
73122
28539
-62806
28651
92566
-43496
51560
-84761
-23306
-70676
13411
36870
-22286
-77845
77694
73715
82946
-51934
74527
77921
-16568
-45361
61182
28256
34255
-64445
7872
-57367
9082
-24026
73292
32951
48118
-63768
46775
-26198
-15905
-31423
46107
-31421
-3494
-2929
80638
-10828
22745
51188
73380
59865
59385
-51510
26638
2877
-50149
-34046
653
97654
33955
-13786
-54104
18026
-50857
61596
59023
-31356
-93388
-60971
10207
-34488
74715
93993
-71730
-4606
9559
-33063
50462
-76975
-2679
33665
-73991
-79651
-642
86537
-90554
67014
-9694
19645
-39754
-35027
-63789
-2401
46753
92459
66710
-27658
-6003
10506
83074
85120
-39617
-88478
96037
-27677
83283
24142
-91992
-33520
-58348
98720
63728
90611
-79416
-56603
61663
27122
-79020
13329
87242
49845
-42324
-98635
-25017
41159
-16848
-67363
28511
42874
71938
49192
-37751
-16192
-85772
91529
-18812
87748
-69843
63948
96749
59244
-16472
86322
-79756
94431
78553
-75333
-58818
-84105
21877
33193
21692
78724
28002
81040
91308
24880
-20086
-15843
85327
-29783
-27681
-8425
68683
44697
-72282
-73595
-25009
-59708
20516
16461
-73483
-7922
7988
-79049
72602
-74692
-26289
3423
-20774
-41522
-48241
-52907
93011
-45089
76028
-16327
82890
92438
54946
-22171
2605
32722
54368
-99064
-26219
2289
3638
-83368
14390
-82990
22740
52004
96129
-82286
13154
80865
-86268
31720
-76422
55108
5524
-26721
-94184
-46687
-2600
88226
-68111
10881
53932
26867
72282
67972
-91173
-17210
27048
-54976
22773
-81782
-8936
-58571
92789
70882
-7326
46343
79275
-72175
-21698
67461
33771
-52249
8872
26201
74302
-4338
-82456
30254
72797
-56857
74597
69839
-21684
63340
85289
71340
89767
-249
-87037
-96839
-5450
-61813
88521
-55450
20664
-99109
-46791
-88306
99431
-71370
-97368
52430
59485
-74407
21667
54326
-5779
-11036
76618
-79541
62969
-78678
-48624
-54812
-30293
-72309
34729
65022
43372
57928
-98714
24892
47678
-36628
-31267
-98009
49781
94891
-20553
49821
43888
18806
-89695
-34997
11655
-87994
55217
76939
71687
98516
-37738
-73681
60359
-97936
-59951
94496
-1106
-50024
32453
97312
-47590
-93228
-20591
86260
-12679
-54654
-11395
-17605
-20279
32296
62360
-36884
24021
-85663
13295
67339
49385
-57162
-64060
82982
-79619
-83264
55388
-34906
-39278
-22888
17734
99266
72433
81457
-83081
-53082
89366
28594
-44697
-72514
53164
-96031
-9611
-77253
15224
-14941
-25942
-87275
-24548
-50735
55285
4575
14176
92329
90609
-29111
-34916
41473
9457
48372
82171
51850
8073
44421
70391
-93367
97379
-43524
71208
58388
83000
-3844
-58667
93321
73631
-28349
-64792
27967
37100
-44973
69701
-74039
10433
4146
633
-95282
86373
55102
64842
-13653
-62620
95612
77029
28320
57148
-24971
-79789
98753
-35286
-43186
-60635
41053
42648
-88414
-42089
-98012
-74154
53690
48768
91183
27836
-4349
36171
-84977
18870
-16696
28444
-71626
-5218
2510
-74661
51611
36657
16679
74283
-78377
-50860
-73287
-79589
-23962
4818
-31726
-2640
13124
8788
-51069
-97675
-43862
-79553
91006
35256
52433
69401
84648
96092
-80965
-61079
16575
6213
41026
-88896
-56728
-20780
90150
-40317
-93649
22137
-3928
-37902
-65652
-87511
-99933
-89923
72163
-37098
72468
13518
-99092
94138
38953
-85266
71545
84025
-95833
-3416
64222
71320
30982
64362
-92248
63202
53459
-62529
-31451
-82581
34688
76548
-52965
36578
-49487
-2164
-82375
14251
-37791
-23390
-88058
46340
8262
-41967
83088
-98387
-28620
-91043
27616
-81312
-91167
54
97401
4679
-62612
83671
-43206
88881
59195
-79352
59893
58046
72462
47635
73907
-50398
52662
50095
48704
-42810
-91033
17009
87128
3708
9978
-98830
97508
81535
54270
-30313
-28083
18678
-89537
-13787
7129
-34892
2957
-8138
11662
35885
-97079
89797
-60185
42775
-51641
91653
-26357
-82054
-67872
-7580
77378
36820
71361
-60296
-89082
61773
27391
-75277
97365
39483
87825
-14796
-76739
-73202
-42081
82649
43517
54434
-33210
46698
37786
-38091
-93958
-50468
88776
-4093
-75938
52981
18113
70981
-75508
-48839
68041
87487
-84486
-96530
98253
-87015
-94810
-14760
61550
57127
28803
27187
-46793
-26458
-86058
62044
67024
-56728
81224
46014
12723
31
-74776
-10820
95142
60901
-970
50687
81638
78136
-16332
91274
-30107
-8120
17084
16287
-36068
25374
72595
-57884
72666
24677
84770
26424
-39070
4667
-58861
-72939
-75864
-49898
70425
79964
-5218
-66267
-68730
-67134
97846
-15243
-2077
26092
-80161
-31752
28805
-32859
70424
41293
39651
81979
-37126
-11601
-22664
12143
82123
-18087
-2786
-21164
-77333
-1598
7694
88877
-82048
-248
46204
-81858
-61210
-64007
71736
-16753
29589
26521
-39888
-49417
67068
-61309
67359
36509
-19277
-19627
31707
35221
-12845
-12395
-57129
23414
13634
79205
-5977
-28042
92591
-3806
-87813
-45377
49501
54430
-20872
57272
39770
-25386
-53253
67873
-96927
-23385
-26692
62806
25533
80233
78474
3056
-17801
73315
30302
92709
91995
-1244
-60233
-37149
-68242
15581
-94925
60100
49853
93888
-55637
82351
-81793
50760
73252
-48522
30937
2653
-68470
-90071
-49992
-34116
-37847
79914
41261
15423
73410
18292
-61991
-81458
-75030
-4259
-86900
-19353
78249
-79173
-48080
21339
88394
-76627
-84807
-25251
40846
-75365
-21758
-58036
66858
-96751
67151
87487
-37594
57504
-31957
8489
20110
-36565
-56437
95993
97149
-28089
91730
-67024
-97671
-49256
45202
62470
5589
-66667
-91789
-86897
92318
-89209
38671
99078
69989
-67605
22501
6664
45235
-49588
38769
85121
47676
82668
-70430
-73646
51085
93892
-16095
74145
-17521
93865
-24122
-52531
-53081
95407
-83358
44578
20419
-31389
90591
74891
-38695
-77259
16408
66603
-76251
-35732
-71994
-49056
-71725
-11549
-43375
88042
34996
-41302
5562
49685
-55854
11732
-76988
36770
-35014
63992
91619
-48726
52535
63128
-93017
-67596
80047
33497
7379
-85107
29722
-33672
-83926
-28364
82559
-40520
61447
71479
-2622
49651
30404
70244
98885
-8429
-83124
7084
-13509
93015
-56106
-79014
-7426
21542
-22204
89897
-38731
18450
-82472
29084
39536
90332
825
-34442
81100
55335
-17592
75556
-22270
58676
-60527
54137
86128
95491
-54927
42726
82586
49960
-43008
83702
-82580
-26338
86113
-97407
74046
41006
-4956
38839
19448
55422
-33940
-88219
-80902
-13853
-89105
19392
24860
-60465
14330
-62999
-2149
-73512
86041
-98856
98414
8486
48204
66261
35510
63094
74962
46107
-93096
21288
-1346
-80764
-65138
88020
-77474
-92949
28676
49235
40801
-73425
-42634
80085
-33924
-40191
-16059
-1627
74896
-34046
94558
58754
-67252
-55926
-97828
55385
49575
-47639
-49102
61815
72183
-38669
-41160
97947
-63759
47821
13279
99829
63193
-12156
70245
12722
76272
82580
84082
50607
90367
43461
-95751
-77190
-31588
17027
-57145
9000
-84836
13203
26539
-7892
56728
982
36270
-83546
41203
-33810
-75149
14157
-98783
-62279
-2069
3878
9036
-1227
3592
-92785
-80504
63409
12370
-71302
-78381
-71728
86092
-21680
74394
23145
-33866
19872
-40500
42842
-27551
-38713
86946
-87063
69349
-60658
13116
59433
-12667
-62609
-75722
91441
-64758
80653
50907
-67344
-95234
-74155
-90866
62200
-67592
-88071
-86826
-12372
74607
-54951
-35247
-15223
-505
22615
56466
-46431
71149
-99253
-91039
5191
-10266
16342
21411
-55648
58240
-43496
64614
-16245
-49471
11361
40470
98015
-64291
-6197
27391
-42627
90657
-95224
61520
74177
65213
47878
-95305
52948
-30832
-1578
-91305
-68636
-47134
76907
30669
-99979
-25866
71068
44020
39332
-95887
-52330
-65194
-83673
71910
72313
-88158
-59847
49088
80451
77943
-53706
-15373
78679
40258
55120
-55587
-45394
5113
-99181
78066
-90877
-47303
-23258
-55913
73024
-3911
15445
76904
20170
98760
-25888
-97265
37995
-47575
29217
-1557
24753
-3809
-31842
87110
-92581
-11442
16175
-93196
69593
-78023
19606
-97721
12541
66125
-99495
86146
-95551
32274
-82368
3726
-77225
-78934
-32421
64709
42723
75569
-97137
-11168
72607
58420
-60517
-90144
-52233
-6389
94182
43340
68053
-41266
86742
5477
-32416
2901
33755
-2268
95069
-15436
19036
40344
-58218
92972
78163
-13346
-49300
65202
50468
8095
39575
-50105
-86758
-36542
-35519
-4053
-1493
-69812
3648
-31148
49041
69313
82959
41604
36661
72199
15896
-92205
89789
35410
-39473
-26833
53126
-54471
69158
44839
-32297
16936
32311
70854
-12787
-68847
31850
-84410
7813
61397
-1749
30543
72511
62968
-96353
62309
-40676
-94696
27634
33175
-57702
-40617
14911
-65475
-46281
-65114
-74094
30184
92007
62264
-92060
-23407
-198
-89910
-81765
22515
-57916
59361
29974
38503
73254
-23460
51150
68454
7401
-73891
32533
9259
-24009
26394
-57448
-80847
970
-21082
47395
-74269
-37156
85174
36294
-19387
-30390
-67613
14845
-69416
92829
-83080
-76492
-59266
-97885
-82541
56940
98947
61280
95812
-93336
-89901
-80063
37899
-74193
36750
-97380
75475
-99730
48004
-59886
72560
-76907
39454
19811
18644
-48714
81485
99391
-82869
-67780
-16139
-66580
-547
27675
93822
97173
39705
94212
-90575
74708
-37723
-16620
80833
71026
-29216
51509
-29052
-53866
32397
-38821
52346
72481
-33267
-5287
13896
-36447
22089
-36414
-35967
49519
40026
42206
77252
-51785
66046
72446
54607
83659
64442
-16504
-30052
39027
-61198
-1746
18709
18121
30313
25265
-11940
59275
-84053
-34798
43374
4590
-8725
-73211
12610
-28356
-23891
11693
-89677
-75989
65060
-53441
-14918
21390
-57559
-96215
-85361
40350
86844
60910
8297
70429
6078
-94958
-8997
62041
97836
4895
59547
55187
81573
66613
46908
58969
-9839
56405
-53011
30716
63210
34526
9672
72924
-2499
-1199
74417
665
29973
23222
-70314
85474
3093
-90269
-82116
-62897
91173
-84972
-59608
10498
59043
23813
361
80882
66905
9939
-34311
34054
-78739
-91921
36284
24677
-42094
98335
30035
-85456
-15884
-24387
-24240
-20639
90911
83377
-11275
56339
-70929
90712
69131
39851
89133
14182
74788
-57166
-88844
41702
52787
41258
46890
72806
96823
-1481
-88534
17524
-69198
18306
79780
6592
-15714
26716
54582
-89551
-61545
-37642
9414
49548
91380
-92417
66215
75234
-56399
-66795
43470
-82829
-35518
63142
2740
51518
94600
-78554
89505
4761
-8436
-44988
-38682
13062
-24678
4424
-60868
-87938
-2734
-40248
81540
78060
-40250
33504
90161
82314
-83435
-48624
54954
-48981
11141
-42471
-87894
-39021
29211
20482
-48247
-40253
49266
-50553
71884
86338
7722
42465
-85687
18674
16535
-18605
30903
-96992
10580
-7373
72936
-94621
26288
-93737
41506
-98397
-1101
66924
68669
-69964
-79096
92777
-2503
-62344
36559
-70223
-8945
-89176
-60324
39391
79103
-46172
-19443
-68165
41402
-74301
80675
-64972
-92631
2428
-49215
54584
-23796
66747
-55358
9949
6078
-90975
-91535
95361
26286
-67975
-32135
-46977
-48360
-23723
-74541
-71673
-70511
-43702
-34586
-29074
31265
-71862
-25177
10888
61346
-76354
-53808
97830
72622
-93537
20483
-18520
30616
-6311
83632
-98647
-81366
42993
-92569
22717
-54492
-46606
-26642
-75769
78305
-96849
76476
27097
98287
-26316
45115
89225
-51115
45573
-29207
-93938
-91435
-82682
5217
75382
-30123
42975
17132
99721
49018
95758
-65013
76007
1796
50179
18666
18290
80366
-55938
75710
-18497
44583
58864
-80108
-19876
-92578
-466
-75208
-71202
-63659
6361
-19698
-49478
-60127
-92791
37942
-28743
18993
-31949
-8566
-84457
13927
93066
-70064
-57022
46626
69003
32140
59945
-40866
-70584
-86351
-34628
19271
-58200
-27221
-53952
-7199
-22563
71602
-59178
-2907
17764
11193
-43458
-49498
64806
-84291
-99747
-55234
60796
-41201
99626
1961
-48695
-27185
-68077
-7564
64897
68594
-84249
-23042
-39989
21121
33291
70737
9419
-49001
75724
64646
-63576
-46575
-29086
75558
-54725
-72157
-47872
542
-32343
79529
1254
-26533
-56712
-29597
-60938
74356
65976
29895
-57013
87828
-81460
-68884
99550
76941
-7964
-38778
38183
-26371
-74626
-52731
26151
31851
-76224
18857
73677
-15530
18893
-78105
90493
20967
15550
-16208
4834
28010
-44384
17165
34567
-52548
-23358
-72985
-43264
74191
-56563
30032
10466
-90783
91628
-61884
-34212
-24991
9770
-95313
8154
-98574
-44983
49952
61561
-19700
-46181
29174
92260
4197
-56315
-61741
60780
49664
-21920
-30082
-56849
-11739
8813
47638
97114
89849
86054
86478
98065
-96526
-80498
95807
-46294
74842
-97829
28758
-51544
-76998
-58205
95801
-94130
7514
-82230
-71714
-62505
-88736
20869
-23099
75995
-92974
-21478
18256
81066
47465
-74962
-57103
30090
5079
-36336
-33145
60633
-78451
39925
19071
-37211
-34718
75542
20260
7942
86675
-27075
-92398
-55870
36083
9166
73631
-24420
85805
-25916
79474
-48581
-97927
-92285
-80555
30197
51440
-50296
-37438
-63048
12313
-29643
2855
-92104
48435
82215
-1880
-67509
-98151
-89015
-16462
40946
-6289
-79135
-59148
29956
95439
-57219
-27809
88812
-21253
-38805
-98058
86285
36122
-52164
-28194
50342
20414
94378
34829
50473
20850
-62032
6358
52224
-59524
-48114
60644
89421
37734
79867
64467
-14971
66494
68268
91968
-75412
32357
-43157
-45992
76664
-63146
-92607
79473
40520
72679
27567
85040
51515
17119
39218
-72052
-98345
-21616
94028
62590
82561
-81040
-85665
50415
-62806
9014
21819
-61191
8247
-97537
-22059
33412
-12301
-62728
-65190
-44683
-48350
34416
5055
-88588
64896
-94897
-82717
-92761
-33836
-26322
-79120
-7070
7216
-14958
18171
44079
58270
-62472
73988
73181
14182
-44357
-84264
-82362
2179
-96483
-70935
-76705
-80025
-69384
99042
23215
-68536
98941
-38946
47755
40883
-57320
-86274
50190
26105
72791
-98201
7266
-72436
47804
27147
37374
4595
-99415
-58550
-4621
21313
30218
-98475
-77148
42143
11699
-23601
-55517
-46173
81806
-5974
-97085
59270
73581
53632
27617
41112
-50160
-49994
27243
16299
-73763
49546
80039
-16266
-42145
35572
-79025
-66721
29767
-56879
11129
35120
-30390
72351
-98407
-12168
-27183
-4998
9722
1126
-22892
-84199
-66158
-26487
-45195
-5944
-49964
-45943
9861
88717
14765
80688
-24766
77386
21716
16182
35808
-62242
-91403
-8104
-7049
-51694
-28574
-16242
87744
22652
58086
-13555
4919
-95922
-83583
37233
-81331
-26716
51192
-49681
75652
55155
60585
-39042
-78706
-73577
-57434
-73692
-48393
-23923
79498
-59737
75392
-58895
-57735
-91683
-70191
24054
2463
14182
-21208
-86309
-36536
82796
938
70805
-48769
-20986
64276
92487
-56945
3315
89225
86803
-61343
-12461
94661
-60828
33429
-66023
3987
-85220
69098
1990
-94977
-46274
-26746
-76254
42428
84197
52434
-24750
-50650
39625
37995
-42271
93584
34902
19345
-75225
-53938
46596
25750
22214
49203
-95608
-9737
34973
92609
33703
88209
92472
57399
-25839
96246
58548
-43249
9513
87551
29655
97759
-99156
-29100
-14586
-81945
46685
22563
18672
80268
-77743
90183
58910
7258
20848
-26742
-97425
2712
11112
97608
9805
-36343
98028
62656
23588
-86970
59260
-76085
48513
-31656
41612
26435
-17342
415
50585
61639
-41944
65910
-53270
30788
48253
-67213
34945
16857
-8774
11896
21167
55114
89188
20248
-22965
75963
-26821
93599
-57604
39992
-57639
61454
-43751
3331
-88355
28799
28966
-98818
-9470
57099
-67733
43124
-33339
90355
12347
-9820
-24517
34567
-67875
40951
89766
41500
35532
24393
-98171
48448
-54023
-18844
37792
-59739
46496
-39467
-33056
-38123
-97641
93447
10872
-29193
-12943
890
96456
-71533
-67307
10579
89629
-51071
-83394
87259
-53288
47824
10531
54996
-4428
-1946
-5833
-31209
53844
45689
99462
74025
-3768
-49266
99629
-15747
-690
-29301
-13090
-61299
57296
-56133
26610
-17518
53098
-35983
-25922
65120
-74604
8538
-4562
-66881
4423
76801
44603
9096
-64324
-31651
-25942
-74413
-42877
-64771
-51776
16357
-32647
56728
66835
67753
84378
36119
16657
-45334
57912
-78847
48889
95711
12170
-25707
-34488
27025
33783
-55831
-95685
21710
-85193
-80702
-25380
25355
-34454
-20465
4476
-70032
96898
59166
-39403
74322
-37855
-3326
-16017
70208
69930
-91516
31281
23132
-26922
53852
-53191
11960
13510
72574
-81087
67512
28208
-36468
36201
-81845
70524
-5210
-12411
-49906
-98138
-50371
96105
-55324
-46795
46405
-84911
23383
-8764
-9990
91170
-321
-7417
95574
31106
55052
60132
90168
17212
86377
34994
82100
-85271
-40860
42191
77721
90557
5607
-27016
-59200
-6799
2915
76640
5580
29045
4763
11826
56404
-83506
-53438
-2993
56284
-18234
81777
-85351
-75956
-80771
-20015
-71133
-31602
94520
-84728
-29176
80615
35074
54330
67345
-15847
86498
-35880
62780
-5053
87154
32670
-20714
96028
50417
-30419
-576
-90780
48239
71868
97881
-99404
37082
-25006
41295
58535
38354
-9406
72367
-16514
-99997
-34643
50334
-59660
-33347
68147
-30945
-92081
18250
2703
55130
29271
74897
-66902
14239
-24081
-45250
-35345
-89037
34490
-35749
-18416
26348
-75759
-24814
85097
34301
-92330
-15444
23101
-46580
7342
-37550
-85506
98748
-40694
58275
625
87592
94024
-42857
54711
32139
73876
43076
-26338
50073
-61382
38193
27502
77343
-66816
-34494
-14516
-44110
50696
72653
-3533
96599
-50136
-67271
-83759
9134
35898
-21768
21092
-97319
-64459
39886
-80435
25599
-94183
-39107
-34372
-74322
-82309
59823
45547
-36410
57988
-84224
-46439
70991
-93596
42116
78708
-66123
84794
-13704
-92047
-63014
-32811
29932
-2329
-96666
98381
22565
-37516
89255
-44720
55310
-35473
-34499
-37887
59416
83833
20130
81290
78812
-2011
45737
8906
51607
91554
17667
73157
-66592
97256
77961
-92141
98257
5758
-83449
68552
-45396
-38388
35965
26469
-67352
-70786
44965
-79085
-70666
-21209
8463
-96182
12121
-65755
22629
-80734
-65220
-66351
60477
50972
6165
73160
98935
33364
59691
41625
94005
95964
-59665
-82488
92101
-22118
41080
-14555
-6143
-30722
87383
-39713
-50799
-67265
18269
75594
-89674
-50542
41303
-6121
82071
37579
61773
-74254
44740
96793
64677
28217
95571
-21162
-86622
42140
55680
26070
-62307
54453
57279
-39357
40772
-86163
85
37376
73403
65166
29365
-67359
-63250
-52128
76745
29424
34734
73759
9403
68335
58689
96657
48661
83639
-67337
33758
99083
59300
82017
61518
-37351
-82885
-91506
-86991
26002
94673
-21774
-82553
56800
-97075
-86822
45932
73215
51470
49621
29137
51657
-65472
49794
48185
-48603
-15659
54226
-14926
-83107
37340
-82677
-19915
-22604
81594
-81644
-70910
-21230
-37125
-6920
58346
-65931
2955
-67063
-1895
19048
56724
60139
38619
-88430
-37158
-36783
36317
-99448
-8324
-16419
-96805
96889
7165
-80509
-29433
46140
-72800
17471
-25976
66240
-9922
-27762
39074
71742
-45010
10544
-15302
34046
69404
74121
55970
20576
-48921
47577
-97248
-26604
73995
66858
70962
-46420
-40523
-62174
94256
-5826
73641
58313
-72506
-48610
-37950
39764
-87295
26661
-57443
73250
61442
84065
-97036
-61075
46491
-42037
88849
11419
37912
83132
-86019
57271
-88175
78039
47390
90864
-10955
30731
15125
-89670
36577
69800
-69625
-66354
2379
-24230
-59362
-35500
63601
91022
98398
79874
58550
-71146
26377
-87605
14848
8553
-15194
-73902
-2650
60780
-6761
36017
-57993
-93691
-91400
82634
-83068
40564
51026
-13422
6325
25736
88800
-4072
-73852
-3520
56565
48699
10057
-69624
-70176
-27711
32862
-37401
-5575
33328
7639
62575
21347
-20213
-82411
76750
76731
-22165
28251
59706
47474
51859
-36101
463
-1446
-98874
-35447
8624
-32705
64468
-53694
-89483
32956
96143
-21775
-24856
-23846
-67767
-35678
95750
-79401
19383
78689
58676
-74748
42195
52500
61760
-72453
66093
-83431
59123
20433
-41566
94034
2242
-82745
18881
-37276
48988
43313
14882
-92195
18526
74598
30781
90773
-21884
86607
-42253
-89586
-78031
-47592
13101
-81832
-36921
58388
95739
85092
-75398
31192
79196
-56638
95249
38958
66076
-11162
40202
-49263
33241
-79611
70314
-31056
15883
-8255
16952
-19268
-81851
-34418
59438
8246
-18407
16841
61991
6542
-26373
53467
4348
-9695
-55945
-7250
3845
-63431
-14998
91453
35315
-52637
-61234
21776
46986
58420
-99889
46813
87118
-30083
-48858
53135
88693
19015
36189
-49680
-60410
30363
88284
83254
74215
7571
-42569
38570
-9997
-48783
73522
25953
81025
-94917
59646
-36883
40066
-68593
45118
-43349
24340
-22395
-88466
5381
-18628
3094
-81864
-24077
-889
-36362
4630
62028
48579
30484
32891
-12449
91024
47333
42365
-94102
18482
-11999
35207
-11296
61957
-14358
-15938
67161
60107
91703
-95875
68582
28023
38771
529
25901
6576
43513
-89144
-94303
-28223
34345
-83884
98291
-9472
-88908
-84203
-12022
17314
-27338
